   1,000	  50,000	  51,500	  50,000
   2,000	  50,000	  51,500	  50,000
   3,000	  50,000	  51,500	  50,000
   4,000	  50,000	  51,500	  50,000
   5,000	  50,000	  51,500	  50,000
   6,000	  50,000	  51,500	  50,000
   7,000	  50,000	  51,500	  50,000
   8,000	  50,000	  51,500	  50,000
   9,000	  50,000	  51,500	  50,000
  10,000	  50,000	  51,500	  50,000
  11,000	  50,000	  51,500	  50,000
  12,000	  50,000	  40,400	  65,390
  13,000	  50,000	  37,300	  69,520
  14,000	  50,000	  38,000	  67,150
  15,000	  50,000	  40,000	  62,850
  16,000	  50,000	  42,300	  58,280
  17,000	  50,000	  44,700	  54,010
  18,000	  50,000	  47,000	  50,220
  19,000	  50,000	  49,200	  46,940
  20,000	  50,000	  51,300	  44,130
  21,000	  50,000	  53,200	  41,740
  22,000	  50,000	  55,000	  39,740
  23,000	  50,000	  56,800	  38,070
  24,000	  50,000	  58,300	  36,700
  25,000	  50,000	  59,900	  35,590
  26,000	  50,000	  61,300	  34,710
  27,000	  50,000	  62,600	  34,020
  28,000	  50,000	  63,900	  33,510
  29,000	  50,000	  65,100	  33,160
  30,000	  50,000	  66,300	  32,930
  31,000	  50,000	  67,300	  32,810
  32,000	  50,000	  68,300	  32,800
  33,000	  50,000	  69,300	  32,860
  34,000	  50,000	  70,100	  33,000
  35,000	  50,000	  71,000	  33,200
  36,000	  50,000	  71,800	  33,450
  37,000	  50,000	  72,600	  33,740
  38,000	  50,000	  73,300	  34,070
  39,000	  50,000	  74,000	  34,430
  40,000	  50,000	  74,600	  34,810
  41,000	  50,000	  75,300	  35,210
  42,000	  50,000	  75,800	  35,630
  43,000	  50,000	  76,400	  36,050
  44,000	  50,000	  76,900	  36,480
  45,000	  50,000	  77,400	  36,910
  46,000	  50,000	  77,900	  37,350
  47,000	  50,000	  78,300	  37,780
  48,000	  50,000	  78,700	  38,210
  49,000	  50,000	  79,100	  38,640
  50,000	  50,000	  79,500	  39,060
  51,000	  50,000	  79,900	  39,470
  52,000	  50,000	  80,200	  39,880
  53,000	  50,000	  80,600	  40,310
  54,000	  50,000	  80,900	  40,700
  55,000	  50,000	  81,100	  41,080
  56,000	  50,000	  81,400	  41,440
  57,000	  50,000	  81,700	  41,800
  58,000	  50,000	  81,900	  42,140
  59,000	  50,000	  82,100	  42,480
  60,000	  50,000	  82,400	  42,800
  61,000	  50,000	  82,600	  43,110
  62,000	  50,000	  82,800	  43,420
  63,000	  50,000	  82,900	  43,710
  64,000	  50,000	  83,100	  43,990
  65,000	  50,000	  83,300	  44,260
  66,000	  50,000	  83,400	  44,520
  67,000	  50,000	  83,600	  44,770
  68,000	  50,000	  83,800	  45,010
  69,000	  50,000	  83,900	  45,230
  70,000	  50,000	  84,000	  45,450
  71,000	  50,000	  84,100	  45,670
  72,000	  50,000	  84,300	  45,870
  73,000	  50,000	  84,400	  46,060
  74,000	  50,000	  84,400	  46,250
  75,000	  50,000	  84,600	  46,430
  76,000	  50,000	  84,600	  46,600
  77,000	  50,000	  84,800	  46,760
  78,000	  50,000	  84,800	  46,910
  79,000	  50,000	  84,900	  47,070
  80,000	  50,000	  85,000	  47,210
  81,000	  50,000	  85,100	  47,340
  82,000	  50,000	  85,100	  47,470
  83,000	  50,000	  85,200	  47,590
  84,000	  50,000	  85,300	  47,710
  85,000	  50,000	  85,300	  47,830
  86,000	  50,000	  85,400	  47,930
  87,000	  50,000	  85,400	  48,040
  88,000	  50,000	  85,400	  48,130
  89,000	  50,000	  85,500	  48,230
  90,000	  50,000	  85,600	  48,320
  91,000	  50,000	  85,600	  48,400
  92,000	  50,000	  85,600	  48,480
  93,000	  50,000	  85,700	  48,560
  94,000	  50,000	  85,700	  48,630
  95,000	  50,000	  85,800	  48,700
  96,000	  50,000	  85,800	  48,760
  97,000	  50,000	  85,800	  48,830
  98,000	  50,000	  85,800	  48,890
  99,000	  50,000	  85,800	  48,950
 100,000	  50,000	  85,900	  49,000
 101,000	  50,000	  85,900	  49,050
 102,000	  50,000	  85,900	  49,100
 103,000	  50,000	  85,900	  49,140
 104,000	  50,000	  85,900	  49,180
 105,000	  50,000	  86,000	  49,230
 106,000	  50,000	  86,000	  49,270
 107,000	  50,000	  86,000	  49,310
 108,000	  50,000	  86,000	  49,340
 109,000	  50,000	  86,100	  49,380
 110,000	  50,000	  86,100	  49,410
 111,000	  50,000	  86,100	  49,440
 112,000	  50,000	  86,100	  49,480
 113,000	  50,000	  86,100	  49,500
 114,000	  50,000	  86,100	  49,530
 115,000	  50,000	  86,100	  49,560
 116,000	  50,000	  86,100	  49,570
 117,000	  50,000	  86,100	  49,590
 118,000	  50,000	  86,100	  49,620
 119,000	  50,000	  86,200	  49,630
 120,000	  50,000	  86,200	  49,650
 121,000	  50,000	  86,200	  49,670
 122,000	  50,000	  86,200	  49,690
 123,000	  50,000	  86,200	  49,710
 124,000	  50,000	  86,200	  49,720
 125,000	  50,000	  86,200	  49,740
 126,000	  50,000	  86,200	  49,750
 127,000	  50,000	  86,200	  49,770
 128,000	  50,000	  86,200	  49,780
 129,000	  50,000	  86,200	  49,790
 130,000	  50,000	  86,300	  49,790
 131,000	  50,000	  86,300	  49,810
 132,000	  50,000	  86,300	  49,820
 133,000	  50,000	  86,300	  49,830
 134,000	  50,000	  86,300	  49,840
 135,000	  50,000	  86,300	  49,850
 136,000	  50,000	  86,300	  49,860
 137,000	  50,000	  86,300	  49,870
 138,000	  50,000	  86,300	  49,880
 139,000	  50,000	  86,300	  49,870
 140,000	  50,000	  86,300	  49,880
 141,000	  50,000	  86,300	  49,880
 142,000	  50,000	  86,300	  49,900
 143,000	  50,000	  86,300	  49,900
 144,000	  50,000	  86,300	  49,910
 145,000	  50,000	  86,300	  49,910
 146,000	  50,000	  86,300	  49,920
 147,000	  50,000	  86,300	  49,930
 148,000	  50,000	  86,300	  49,930
 149,000	  50,000	  86,300	  49,940
 150,000	  50,000	  86,300	  49,940
 151,000	  50,000	  86,300	  49,940
 152,000	  50,000	  86,300	  49,950
 153,000	  50,000	  86,300	  49,950
 154,000	  50,000	  86,300	  49,950
 155,000	  50,000	  86,300	  49,950
 156,000	  50,000	  86,300	  49,960
 157,000	  50,000	  86,300	  49,950
 158,000	  50,000	  86,300	  49,950
 159,000	  50,000	  86,300	  49,950
 160,000	  50,000	  86,300	  49,950
 161,000	  50,000	  86,300	  49,960
 162,000	  50,000	  86,300	  49,960
 163,000	  50,000	  86,300	  49,970
 164,000	  50,000	  86,300	  49,970
 165,000	  50,000	  86,300	  49,970
 166,000	  50,000	  86,300	  49,980
 167,000	  50,000	  86,300	  49,980
 168,000	  50,000	  86,300	  49,980
 169,000	  50,000	  86,300	  49,980
 170,000	  50,000	  86,300	  49,980
 171,000	  50,000	  86,300	  49,980
 172,000	  50,000	  86,300	  49,990
