   1.000	  50.000	  51.100	  50.000
   2.000	  50.000	  51.100	  50.000
   3.000	  50.000	  51.100	  50.000
   4.000	  50.000	  51.100	  50.000
   5.000	  50.000	  51.100	  50.000
   6.000	  50.000	  51.100	  50.000
   7.000	  50.000	  51.100	  50.000
   8.000	  50.000	  51.100	  50.000
   9.000	  50.000	  51.100	  50.000
  10.000	  50.000	  51.100	  50.000
  11.000	  50.000	  52.600	  49.670
  12.000	  50.000	  57.600	  48.280
  13.000	  50.000	  62.600	  46.950
  14.000	  50.000	  66.900	  45.960
  15.000	  50.000	  70.300	  45.280
  16.000	  50.000	  73.100	  44.860
  17.000	  50.000	  75.400	  44.630
  18.000	  50.000	  77.300	  44.550
  19.000	  50.000	  78.800	  44.580
  20.000	  50.000	  79.900	  44.690
  21.000	  50.000	  80.900	  44.860
  22.000	  50.000	  81.700	  45.070
  23.000	  50.000	  82.400	  45.300
  24.000	  50.000	  82.900	  45.550
  25.000	  50.000	  83.400	  45.800
  26.000	  50.000	  83.700	  46.060
  27.000	  50.000	  84.000	  46.310
  28.000	  50.000	  84.300	  46.560
  29.000	  50.000	  84.500	  46.800
  30.000	  50.000	  84.600	  47.020
  31.000	  50.000	  84.800	  47.240
  32.000	  50.000	  84.900	  47.440
  33.000	  50.000	  85.000	  47.640
  34.000	  50.000	  85.100	  47.820
  35.000	  50.000	  85.100	  47.990
  36.000	  50.000	  85.200	  48.140
  37.000	  50.000	  85.300	  48.290
  38.000	  50.000	  85.300	  48.420
  39.000	  50.000	  85.300	  48.550
  40.000	  50.000	  85.400	  48.670
  41.000	  50.000	  85.400	  48.770
  42.000	  50.000	  85.400	  48.880
  43.000	  50.000	  85.400	  48.970
  44.000	  50.000	  85.400	  49.050
  45.000	  50.000	  85.400	  49.130
  46.000	  50.000	  85.500	  49.200
  47.000	  50.000	  85.500	  49.270
  48.000	  50.000	  85.500	  49.330
  49.000	  50.000	  85.500	  49.390
  50.000	  50.000	  85.500	  49.440
  51.000	  50.000	  85.500	  49.480
  52.000	  50.000	  85.500	  49.530
  53.000	  50.000	  85.500	  49.570
  54.000	  50.000	  85.500	  49.610
  55.000	  50.000	  85.500	  49.640
  56.000	  50.000	  85.500	  49.670
  57.000	  50.000	  85.500	  49.690
  58.000	  50.000	  85.500	  49.720
  59.000	  50.000	  85.600	  49.750
  60.000	  50.000	  85.600	  49.770
  61.000	  50.000	  85.500	  49.790
  62.000	  50.000	  85.500	  49.810
  63.000	  50.000	  85.500	  49.820
  64.000	  50.000	  85.600	  49.840
  65.000	  50.000	  85.600	  49.850
  66.000	  50.000	  85.600	  49.870
  67.000	  50.000	  85.600	  49.880
  68.000	  50.000	  85.600	  49.890
  69.000	  50.000	  85.600	  49.900
  70.000	  50.000	  85.600	  49.910
  71.000	  50.000	  85.600	  49.910
  72.000	  50.000	  85.500	  49.920
  73.000	  50.000	  85.600	  49.930
  74.000	  50.000	  85.600	  49.940
  75.000	  50.000	  85.600	  49.940
  76.000	  50.000	  85.600	  49.950
  77.000	  50.000	  85.600	  49.950
  78.000	  50.000	  85.600	  49.950
  79.000	  50.000	  85.600	  49.960
  80.000	  50.000	  85.600	  49.960
  81.000	  50.000	  85.600	  49.970
  82.000	  50.000	  85.600	  49.970
  83.000	  50.000	  85.500	  49.970
  84.000	  50.000	  85.600	  49.970
  85.000	  50.000	  85.600	  49.980
  86.000	  50.000	  85.600	  49.980
  87.000	  50.000	  85.600	  49.980
  88.000	  50.000	  85.600	  49.980
  89.000	  50.000	  85.600	  49.980
  90.000	  50.000	  85.600	  49.980
  91.000	  50.000	  85.500	  49.980
  92.000	  50.000	  85.600	  49.990
  93.000	  50.000	  85.600	  49.990
  94.000	  50.000	  85.500	  49.990
  95.000	  50.000	  85.600	  49.990
  96.000	  50.000	  85.600	  49.990
  97.000	  50.000	  85.600	  49.990
  98.000	  50.000	  85.600	  49.990
  99.000	  50.000	  85.600	  50.000
 100.000	  50.000	  85.600	  50.000
 101.000	  50.000	  85.600	  50.000
 102.000	  50.000	  85.600	  50.000
 103.000	  50.000	  85.600	  50.000
 104.000	  50.000	  85.600	  50.000
 105.000	  50.000	  85.600	  50.000
 106.000	  50.000	  85.600	  50.000
 107.000	  50.000	  85.600	  50.000
 108.000	  50.000	  85.600	  50.000
 109.000	  50.000	  85.600	  50.000
 110.000	  50.000	  85.600	  50.000
 111.000	  50.000	  85.600	  50.000
 112.000	  50.000	  85.600	  50.000
 113.000	  50.000	  85.600	  50.000
 114.000	  50.000	  85.600	  50.000
 115.000	  50.000	  85.600	  50.000
 116.000	  50.000	  85.600	  50.000
 117.000	  50.000	  85.600	  50.000
 118.000	  50.000	  85.600	  50.000
 119.000	  50.000	  85.600	  50.000
 120.000	  50.000	  85.600	  50.000
 121.000	  50.000	  85.600	  50.000
 122.000	  50.000	  85.600	  50.000
 123.000	  50.000	  85.600	  50.000
 124.000	  50.000	  85.600	  50.000
 125.000	  50.000	  85.600	  50.000
 126.000	  50.000	  85.600	  50.000
