   1.000	  50.000	  50.000	  48.870
   2.000	  50.000	  50.000	  48.870
   3.000	  50.000	  50.000	  48.870
   4.000	  50.000	  50.000	  48.870
   5.000	  50.000	  50.000	  48.870
   6.000	  50.000	  50.000	  48.870
   7.000	  50.000	  50.000	  48.870
   8.000	  50.000	  50.000	  48.870
   9.000	  50.000	  50.000	  48.870
  10.000	  50.000	  50.000	  48.870
  11.000	  50.000	  50.000	  48.870
  12.000	  50.000	  50.000	  48.870
  13.000	  50.000	  50.000	  48.870
  14.000	  50.000	  50.000	  48.870
  15.000	  50.000	  50.000	  48.870
  16.000	  50.000	  50.000	  48.880
  17.000	  50.000	  50.000	  48.870
  18.000	  50.000	  50.000	  48.200
  19.000	  50.000	  50.000	  46.670
  20.000	  50.000	  50.000	  45.130
  21.000	  50.000	  50.000	  43.700
  22.000	  50.000	  50.000	  42.400
  23.000	  50.000	  50.000	  41.220
  24.000	  50.000	  50.000	  40.140
  25.000	  50.000	  50.000	  39.160
  26.000	  50.000	  50.000	  38.270
  27.000	  50.000	  50.000	  37.460
  28.000	  50.000	  50.000	  36.720
  29.000	  50.000	  50.000	  36.040
  30.000	  50.000	  50.000	  35.430
  31.000	  50.000	  50.000	  34.870
  32.000	  50.000	  50.000	  34.360
  33.000	  50.000	  50.000	  33.890
  34.000	  50.000	  50.000	  33.470
  35.000	  50.000	  50.000	  33.080
  36.000	  50.000	  50.000	  32.730
  37.000	  50.000	  50.000	  32.410
  38.000	  50.000	  50.000	  32.110
  39.000	  50.000	  50.000	  31.850
  40.000	  50.000	  50.000	  31.600
  41.000	  50.000	  50.000	  31.380
  42.000	  50.000	  50.000	  31.180
  43.000	  50.000	  50.000	  30.990
  44.000	  50.000	  50.000	  30.820
  45.000	  50.000	  50.000	  30.670
  46.000	  50.000	  50.000	  30.520
  47.000	  50.000	  50.000	  30.400
  48.000	  50.000	  50.000	  30.280
  49.000	  50.000	  50.000	  30.170
  50.000	  50.000	  50.000	  30.070
  51.000	  50.000	  50.000	  29.980
  52.000	  50.000	  50.000	  29.900
  53.000	  50.000	  50.000	  29.830
  54.000	  50.000	  50.000	  29.760
  55.000	  50.000	  50.000	  29.690
  56.000	  50.000	  50.000	  29.630
  57.000	  50.000	  50.000	  29.580
  58.000	  50.000	  50.000	  29.530
  59.000	  50.000	  50.000	  29.490
  60.000	  50.000	  50.000	  29.450
  61.000	  50.000	  50.000	  29.410
  62.000	  50.000	  50.000	  29.380
  63.000	  50.000	  50.000	  29.350
  64.000	  50.000	  50.000	  29.320
  65.000	  50.000	  50.000	  29.300
  66.000	  50.000	  50.000	  29.270
  67.000	  50.000	  50.000	  29.250
  68.000	  50.000	  50.000	  29.230
  69.000	  50.000	  50.000	  29.210
  70.000	  50.000	  50.000	  29.200
  71.000	  50.000	  50.000	  29.180
  72.000	  50.000	  50.000	  29.170
  73.000	  50.000	  50.000	  29.150
  74.000	  50.000	  50.000	  29.140
  75.000	  50.000	  50.000	  29.130
  76.000	  50.000	  50.000	  29.120
  77.000	  50.000	  50.000	  29.110
  78.000	  50.000	  50.000	  29.100
  79.000	  50.000	  50.000	  29.100
  80.000	  50.000	  50.000	  29.090
  81.000	  50.000	  50.000	  29.080
  82.000	  50.000	  50.000	  29.080
  83.000	  50.000	  50.000	  29.070
  84.000	  50.000	  50.000	  29.070
  85.000	  50.000	  50.000	  29.060
  86.000	  50.000	  50.000	  29.050
  87.000	  50.000	  50.000	  29.050
  88.000	  50.000	  50.000	  29.050
  89.000	  50.000	  50.000	  29.050
  90.000	  50.000	  50.000	  29.040
  91.000	  50.000	  50.000	  29.040
  92.000	  50.000	  50.000	  29.040
  93.000	  50.000	  50.000	  29.030
  94.000	  50.000	  50.000	  29.030
  95.000	  50.000	  50.000	  29.030
  96.000	  50.000	  50.000	  29.030
  97.000	  50.000	  50.000	  29.020
  98.000	  50.000	  50.000	  29.020
  99.000	  50.000	  50.000	  29.020
 100.000	  50.000	  50.000	  29.020
 101.000	  50.000	  50.000	  29.020
 102.000	  50.000	  50.000	  29.020
 103.000	  50.000	  50.000	  29.020
 104.000	  50.000	  50.000	  29.020
 105.000	  50.000	  50.000	  29.010
 106.000	  50.000	  50.000	  29.010
 107.000	  50.000	  50.000	  29.010
 108.000	  50.000	  50.000	  29.010
 109.000	  50.000	  50.000	  29.010
 110.000	  50.000	  50.000	  29.010
 111.000	  50.000	  50.000	  29.010
 112.000	  50.000	  50.000	  29.010
 113.000	  50.000	  50.000	  29.010
 114.000	  50.000	  50.000	  29.010
 115.000	  50.000	  50.000	  29.010
 116.000	  50.000	  50.000	  29.010
 117.000	  50.000	  50.000	  29.010
 118.000	  50.000	  50.000	  29.010
 119.000	  50.000	  50.000	  29.010
 120.000	  50.000	  50.000	  29.010
 121.000	  50.000	  50.000	  29.010
 122.000	  50.000	  50.000	  29.010
 123.000	  50.000	  50.000	  29.010
 124.000	  50.000	  50.000	  29.010
 125.000	  50.000	  50.000	  29.000
 126.000	  50.000	  50.000	  29.000
 127.000	  50.000	  50.000	  29.000
 128.000	  50.000	  50.000	  29.000
 129.000	  50.000	  50.000	  29.000
 130.000	  50.000	  50.000	  29.000
 131.000	  50.000	  50.000	  29.000
 132.000	  50.000	  50.000	  29.000
 133.000	  50.000	  50.000	  29.000
 134.000	  50.000	  50.000	  29.000
 135.000	  50.000	  50.000	  29.000
 136.000	  50.000	  50.000	  29.000
 137.000	  50.000	  50.000	  29.000
 138.000	  50.000	  50.000	  29.000
 139.000	  50.000	  50.000	  29.000
 140.000	  50.000	  50.000	  29.000
 141.000	  50.000	  50.000	  29.000
 142.000	  50.000	  50.000	  29.000
 143.000	  50.000	  50.000	  29.000
 144.000	  50.000	  50.000	  29.000
 145.000	  50.000	  50.000	  29.000
 146.000	  50.000	  50.000	  29.000
 147.000	  50.000	  50.000	  29.000
 148.000	  50.000	  50.000	  29.000
 149.000	  50.000	  50.000	  29.000
 150.000	  50.000	  50.000	  29.000
 151.000	  50.000	  50.000	  29.000
 152.000	  50.000	  50.000	  29.000
 153.000	  50.000	  50.000	  29.000
 154.000	  50.000	  50.000	  29.000
 155.000	  50.000	  50.000	  29.000
 156.000	  50.000	  50.000	  29.000
 157.000	  50.000	  50.000	  29.000
 158.000	  50.000	  50.000	  29.000
 159.000	  50.000	  50.000	  29.000
 160.000	  50.000	  50.000	  29.000
 161.000	  50.000	  50.000	  29.000
 162.000	  50.000	  50.000	  29.000
 163.000	  50.000	  50.000	  29.000
 164.000	  50.000	  50.000	  29.000
 165.000	  50.000	  50.000	  29.000
 166.000	  50.000	  50.000	  29.000
 167.000	  50.000	  50.000	  29.000
 168.000	  50.000	  50.000	  29.000
 169.000	  50.000	  50.000	  29.000
 170.000	  50.000	  50.000	  29.000
 171.000	  50.000	  50.000	  29.000
 172.000	  50.000	  50.000	  29.000
 173.000	  50.000	  50.000	  29.000
 174.000	  50.000	  50.000	  29.000
 175.000	  50.000	  50.000	  28.990
 176.000	  50.000	  50.000	  29.000
 177.000	  50.000	  50.000	  28.990
 178.000	  50.000	  50.000	  29.000
 179.000	  50.000	  50.000	  29.000
