   1.000	  50.000	  85.600	  50.000
   2.000	  50.000	  85.600	  50.000
   3.000	  50.000	  85.600	  50.000
   4.000	  50.000	  85.600	  50.000
   5.000	  50.000	  85.600	  50.000
   6.000	  50.000	  85.600	  50.000
   7.000	  50.000	  85.600	  50.000
   8.000	  50.000	  85.600	  50.000
   9.000	  50.000	  85.600	  50.000
  10.000	  50.000	  85.600	  50.000
  11.000	  50.000	  85.600	  50.000
  12.000	  50.000	  93.600	  47.940
  13.000	  50.000	 100.000	  44.540
  14.000	  50.000	 100.000	  43.960
  15.000	  50.000	 100.000	  44.910
  16.000	  50.000	  99.500	  46.010
  17.000	  50.000	  92.900	  48.050
  18.000	  50.000	  72.300	  53.680
  19.000	  50.000	  20.100	  67.270
  20.000	  50.000	   0.000	  88.260
  21.000	  50.000	   0.000	  86.090
  22.000	  50.000	   0.000	  79.290
  23.000	  50.000	   8.600	  72.320
  24.000	  50.000	  62.300	  56.560
  25.000	  50.000	 100.000	  23.380
  26.000	  50.000	 100.000	  16.610
  27.000	  50.000	 100.000	  18.670
  28.000	  50.000	 100.000	  21.890
  29.000	  50.000	 100.000	  25.030
  30.000	  50.000	 100.000	  27.940
  31.000	  50.000	 100.000	  30.600
  32.000	  50.000	 100.000	  33.030
  33.000	  50.000	 100.000	  35.240
  34.000	  50.000	 100.000	  37.250
  35.000	  50.000	 100.000	  39.080
  36.000	  50.000	 100.000	  40.740
  37.000	  50.000	 100.000	  42.250
  38.000	  50.000	  95.400	  44.130
  39.000	  50.000	  79.400	  48.850
  40.000	  50.000	  37.800	  60.080
  41.000	  50.000	   0.000	  83.160
  42.000	  50.000	   0.000	  85.220
  43.000	  50.000	   0.000	  78.320
  44.000	  50.000	   4.000	  71.550
  45.000	  50.000	  42.600	  59.860
  46.000	  50.000	 100.000	  27.480
  47.000	  50.000	 100.000	  14.920
  48.000	  50.000	 100.000	  16.260
  49.000	  50.000	 100.000	  19.560
  50.000	  50.000	 100.000	  22.890
  51.000	  50.000	 100.000	  25.970
  52.000	  50.000	 100.000	  28.790
  53.000	  50.000	 100.000	  31.370
  54.000	  50.000	 100.000	  33.730
  55.000	  50.000	 100.000	  35.870
  56.000	  50.000	 100.000	  37.820
  57.000	  50.000	 100.000	  39.590
  58.000	  50.000	  97.400	  41.370
  59.000	  50.000	  85.600	  45.230
  60.000	  50.000	  53.000	  54.310
  61.000	  50.000	   0.000	  75.150
  62.000	  50.000	   0.000	  84.780
  63.000	  50.000	   0.000	  79.560
  64.000	  50.000	   0.000	  72.840
  65.000	  50.000	  19.300	  65.200
  66.000	  50.000	  99.300	  42.980
  67.000	  50.000	 100.000	  15.760
  68.000	  50.000	 100.000	  14.110
  69.000	  50.000	 100.000	  17.140
  70.000	  50.000	 100.000	  20.610
  71.000	  50.000	 100.000	  23.880
  72.000	  50.000	 100.000	  26.880
  73.000	  50.000	 100.000	  29.620
  74.000	  50.000	 100.000	  32.130
  75.000	  50.000	 100.000	  34.410
  76.000	  50.000	 100.000	  36.490
  77.000	  50.000	 100.000	  38.380
  78.000	  50.000	  97.300	  40.290
  79.000	  50.000	  85.000	  44.360
  80.000	  50.000	  51.600	  53.730
  81.000	  50.000	   0.000	  75.190
  82.000	  50.000	   0.000	  83.910
  83.000	  50.000	   0.000	  78.630
  84.000	  50.000	   0.000	  71.980
  85.000	  50.000	  18.300	  64.530
  86.000	  50.000	  96.300	  42.930
  87.000	  50.000	 100.000	  15.210
  88.000	  50.000	 100.000	  13.350
  89.000	  50.000	 100.000	  16.410
  90.000	  50.000	 100.000	  19.950
  91.000	  50.000	 100.000	  23.280
  92.000	  50.000	 100.000	  26.330
  93.000	  50.000	 100.000	  29.120
  94.000	  50.000	 100.000	  31.660
  95.000	  50.000	 100.000	  33.990
  96.000	  50.000	 100.000	  36.100
  97.000	  50.000	 100.000	  38.020
  98.000	  50.000	  93.900	  40.370
  99.000	  50.000	  75.000	  46.530
 100.000	  50.000	  26.800	  59.680
 101.000	  50.000	   0.000	  82.200
 102.000	  50.000	   0.000	  81.670
 103.000	  50.000	   0.000	  75.420
 104.000	  50.000	   2.800	  68.890
 105.000	  50.000	  37.000	  58.520
 106.000	  50.000	 100.000	  27.880
 107.000	  50.000	 100.000	  12.680
 108.000	  50.000	 100.000	  13.790
 109.000	  50.000	 100.000	  17.260
 110.000	  50.000	 100.000	  20.780
 111.000	  50.000	 100.000	  24.050
 112.000	  50.000	 100.000	  27.030
 113.000	  50.000	 100.000	  29.760
 114.000	  50.000	 100.000	  32.250
 115.000	  50.000	 100.000	  34.520
 116.000	  50.000	 100.000	  36.580
 117.000	  50.000	  97.900	  38.580
 118.000	  50.000	  86.900	  42.440
 119.000	  50.000	  56.300	  51.210
 120.000	  50.000	   0.000	  71.070
 121.000	  50.000	   0.000	  83.090
 122.000	  50.000	   0.000	  78.330
 123.000	  50.000	   0.000	  71.780
 124.000	  50.000	  12.400	  65.100
 125.000	  50.000	  76.500	  47.190
 126.000	  50.000	 100.000	  16.080
 127.000	  50.000	 100.000	  12.160
 128.000	  50.000	 100.000	  14.990
 129.000	  50.000	 100.000	  18.620
 130.000	  50.000	 100.000	  22.060
 131.000	  50.000	 100.000	  25.210
 132.000	  50.000	 100.000	  28.090
 133.000	  50.000	 100.000	  30.730
 134.000	  50.000	 100.000	  33.130
 135.000	  50.000	 100.000	  35.320
 136.000	  50.000	  99.500	  37.310
 137.000	  50.000	  92.800	  40.120
 138.000	  50.000	  71.900	  46.490
 139.000	  50.000	  19.500	  60.810
 140.000	  50.000	   0.000	  82.210
 141.000	  50.000	   0.000	  80.470
 142.000	  50.000	   0.000	  74.160
 143.000	  50.000	   3.500	  67.710
 144.000	  50.000	  40.200	  56.830
 145.000	  50.000	 100.000	  25.370
 146.000	  50.000	 100.000	  11.910
 147.000	  50.000	 100.000	  13.340
 148.000	  50.000	 100.000	  16.890
 149.000	  50.000	 100.000	  20.460
 150.000	  50.000	 100.000	  23.750
 151.000	  50.000	 100.000	  26.760
 152.000	  50.000	 100.000	  29.500
 153.000	  50.000	 100.000	  32.010
 154.000	  50.000	 100.000	  34.520
 155.000	  50.000	 100.000	  36.590
 156.000	  50.000	  95.800	  38.890
 157.000	  50.000	  80.400	  43.900
 158.000	  50.000	  40.100	  55.200
 159.000	  50.000	   0.000	  78.580
 160.000	  50.000	   0.000	  81.810
 161.000	  50.000	   0.000	  76.010
 162.000	  50.000	   0.000	  69.490
 163.000	  50.000	  23.300	  61.510
 164.000	  50.000	 100.000	  37.360
 165.000	  50.000	 100.000	  13.000
 166.000	  50.000	 100.000	  12.400
