   1.000	  50.000	  50.000	  48.480
   2.000	  50.000	  50.000	  48.480
   3.000	  50.000	  50.000	  48.480
   4.000	  50.000	  50.000	  48.480
   5.000	  50.000	  50.000	  48.480
   6.000	  50.000	  50.000	  48.480
   7.000	  50.000	  50.000	  48.480
   8.000	  50.000	  50.000	  48.480
   9.000	  50.000	  50.000	  48.480
  10.000	  50.000	  50.000	  48.480
  11.000	  50.000	  50.000	  48.480
  12.000	  50.000	  50.000	  48.480
  13.000	  50.000	  50.000	  61.340
  14.000	  50.000	  50.000	  62.180
  15.000	  50.000	  50.000	  59.830
  16.000	  50.000	  50.000	  57.180
  17.000	  50.000	  50.000	  54.680
  18.000	  50.000	  50.000	  52.390
  19.000	  50.000	  50.000	  50.300
  20.000	  50.000	  50.000	  48.410
  21.000	  50.000	  50.000	  46.680
  22.000	  50.000	  50.000	  45.110
  23.000	  50.000	  50.000	  43.680
  24.000	  50.000	  50.000	  42.370
  25.000	  50.000	  50.000	  41.180
  26.000	  50.000	  50.000	  40.100
  27.000	  50.000	  50.000	  39.110
  28.000	  50.000	  50.000	  38.220
  29.000	  50.000	  50.000	  37.390
  30.000	  50.000	  50.000	  36.650
  31.000	  50.000	  50.000	  35.960
  32.000	  50.000	  50.000	  35.350
  33.000	  50.000	  50.000	  34.780
  34.000	  50.000	  50.000	  34.260
  35.000	  50.000	  50.000	  33.790
  36.000	  50.000	  50.000	  33.360
  37.000	  50.000	  50.000	  32.960
  38.000	  50.000	  50.000	  32.570
  39.000	  50.000	  50.000	  32.250
  40.000	  50.000	  50.000	  31.950
  41.000	  50.000	  50.000	  31.680
  42.000	  50.000	  50.000	  31.430
  43.000	  50.000	  50.000	  31.210
  44.000	  50.000	  50.000	  31.000
  45.000	  50.000	  50.000	  30.820
  46.000	  50.000	  50.000	  30.640
  47.000	  50.000	  50.000	  30.490
  48.000	  50.000	  50.000	  30.340
  49.000	  50.000	  50.000	  30.210
  50.000	  50.000	  50.000	  30.090
  51.000	  50.000	  50.000	  29.980
  52.000	  50.000	  50.000	  29.880
  53.000	  50.000	  50.000	  29.790
  54.000	  50.000	  50.000	  29.710
  55.000	  50.000	  50.000	  29.630
  56.000	  50.000	  50.000	  29.560
  57.000	  50.000	  50.000	  29.500
  58.000	  50.000	  50.000	  29.440
  59.000	  50.000	  50.000	  29.380
  60.000	  50.000	  50.000	  29.330
  61.000	  50.000	  50.000	  29.290
  62.000	  50.000	  50.000	  29.250
  63.000	  50.000	  50.000	  29.210
  64.000	  50.000	  50.000	  29.170
  65.000	  50.000	  50.000	  29.140
  66.000	  50.000	  50.000	  29.110
  67.000	  50.000	  50.000	  29.090
  68.000	  50.000	  50.000	  29.060
  69.000	  50.000	  50.000	  29.040
  70.000	  50.000	  50.000	  29.020
  71.000	  50.000	  50.000	  29.000
  72.000	  50.000	  50.000	  28.980
  73.000	  50.000	  50.000	  28.960
  74.000	  50.000	  50.000	  28.950
  75.000	  50.000	  50.000	  28.940
  76.000	  50.000	  50.000	  28.920
  77.000	  50.000	  50.000	  28.910
  78.000	  50.000	  50.000	  28.900
  79.000	  50.000	  50.000	  28.890
  80.000	  50.000	  50.000	  28.880
  81.000	  50.000	  50.000	  28.880
  82.000	  50.000	  50.000	  28.870
  83.000	  50.000	  50.000	  28.860
  84.000	  50.000	  50.000	  28.850
  85.000	  50.000	  50.000	  28.850
  86.000	  50.000	  50.000	  28.840
  87.000	  50.000	  50.000	  28.830
  88.000	  50.000	  50.000	  28.830
  89.000	  50.000	  50.000	  28.830
  90.000	  50.000	  50.000	  28.820
  91.000	  50.000	  50.000	  28.820
  92.000	  50.000	  50.000	  28.820
  93.000	  50.000	  50.000	  28.810
  94.000	  50.000	  50.000	  28.810
  95.000	  50.000	  50.000	  28.800
  96.000	  50.000	  50.000	  28.800
  97.000	  50.000	  50.000	  28.800
  98.000	  50.000	  50.000	  28.800
  99.000	  50.000	  50.000	  28.790
 100.000	  50.000	  50.000	  28.790
 101.000	  50.000	  50.000	  28.790
 102.000	  50.000	  50.000	  28.790
 103.000	  50.000	  50.000	  28.790
 104.000	  50.000	  50.000	  28.790
 105.000	  50.000	  50.000	  28.790
 106.000	  50.000	  50.000	  28.790
 107.000	  50.000	  50.000	  28.780
 108.000	  50.000	  50.000	  28.780
 109.000	  50.000	  50.000	  28.780
 110.000	  50.000	  50.000	  28.780
 111.000	  50.000	  50.000	  28.780
 112.000	  50.000	  50.000	  28.780
 113.000	  50.000	  50.000	  28.770
 114.000	  50.000	  50.000	  28.770
 115.000	  50.000	  50.000	  28.770
 116.000	  50.000	  50.000	  28.770
 117.000	  50.000	  50.000	  28.770
 118.000	  50.000	  50.000	  28.770
 119.000	  50.000	  50.000	  28.770
 120.000	  50.000	  50.000	  28.770
 121.000	  50.000	  50.000	  28.770
 122.000	  50.000	  50.000	  28.770
 123.000	  50.000	  50.000	  28.770
 124.000	  50.000	  50.000	  28.770
