   1,000	  50,000	  51,400	  50,020
   2,000	  50,000	  51,400	  50,020
   3,000	  50,000	  51,400	  50,020
   4,000	  50,000	  51,400	  50,010
   5,000	  50,000	  51,400	  50,010
   6,000	  50,000	  51,400	  50,010
   7,000	  50,000	  51,400	  50,010
   8,000	  50,000	  51,400	  50,000
   9,000	  50,000	  51,400	  50,000
  10,000	  50,000	  51,400	  50,000
  11,000	  50,000	  51,400	  50,000
  12,000	  40,000	  42,300	  53,020
  13,000	  40,000	  39,500	  56,090
  14,000	  40,000	  37,800	  57,360
  15,000	  40,000	  36,800	  57,400
  16,000	  40,000	  36,400	  56,620
  17,000	  40,000	  36,300	  55,330
  18,000	  40,000	  36,500	  53,770
  19,000	  40,000	  36,800	  52,100
  20,000	  40,000	  37,300	  50,430
  21,000	  40,000	  37,700	  48,850
  22,000	  40,000	  38,200	  47,390
  23,000	  40,000	  38,600	  46,080
  24,000	  40,000	  39,100	  44,930
  25,000	  40,000	  39,400	  43,940
  26,000	  40,000	  39,800	  43,110
  27,000	  40,000	  40,100	  42,400
  28,000	  40,000	  40,300	  41,820
  29,000	  40,000	  40,500	  41,340
  30,000	  40,000	  40,700	  40,960
  31,000	  40,000	  40,800	  40,660
  32,000	  40,000	  40,900	  40,420
  33,000	  40,000	  41,000	  40,240
  34,000	  40,000	  41,100	  40,100
  35,000	  40,000	  41,200	  40,000
  36,000	  40,000	  41,200	  39,930
  37,000	  40,000	  41,300	  39,880
  38,000	  40,000	  41,300	  39,850
  39,000	  40,000	  41,300	  39,820
  40,000	  40,000	  41,300	  39,810
  41,000	  40,000	  41,300	  39,810
  42,000	  40,000	  41,400	  39,810
  43,000	  40,000	  41,400	  39,810
  44,000	  40,000	  41,400	  39,810
  45,000	  40,000	  41,400	  39,820
  46,000	  40,000	  41,400	  39,830
  47,000	  40,000	  41,400	  39,840
  48,000	  40,000	  41,400	  39,850
  49,000	  40,000	  41,400	  39,870
  50,000	  40,000	  41,400	  39,870
  51,000	  40,000	  41,400	  39,860
  52,000	  40,000	  41,400	  39,870
  53,000	  40,000	  41,400	  39,880
  54,000	  40,000	  41,400	  39,890
  55,000	  40,000	  41,400	  39,900
  56,000	  40,000	  41,400	  39,900
  57,000	  40,000	  41,400	  39,910
  58,000	  40,000	  41,400	  39,920
  59,000	  40,000	  41,400	  39,930
  60,000	  40,000	  41,400	  39,930
  61,000	  40,000	  41,400	  39,940
  62,000	  40,000	  41,400	  39,940
  63,000	  40,000	  41,400	  39,940
  64,000	  40,000	  41,400	  39,950
  65,000	  40,000	  41,400	  39,950
  66,000	  40,000	  41,400	  39,950
  67,000	  40,000	  41,400	  39,960
  68,000	  40,000	  41,400	  39,960
  69,000	  40,000	  41,400	  39,950
  70,000	  40,000	  41,400	  39,940
  71,000	  40,000	  41,400	  39,940
  72,000	  40,000	  41,400	  39,950
  73,000	  40,000	  41,400	  39,960
  74,000	  40,000	  41,400	  39,960
  75,000	  40,000	  41,400	  39,960
  76,000	  40,000	  41,400	  39,970
  77,000	  40,000	  41,400	  39,970
  78,000	  40,000	  41,400	  39,980
  79,000	  40,000	  41,400	  39,980
  80,000	  40,000	  41,400	  39,980
  81,000	  40,000	  41,400	  39,980
  82,000	  40,000	  41,400	  39,980
  83,000	  40,000	  41,400	  39,990
  84,000	  40,000	  41,400	  39,990
  85,000	  40,000	  41,400	  39,990
  86,000	  40,000	  41,400	  39,990
  87,000	  40,000	  41,400	  39,990
  88,000	  40,000	  41,400	  40,000
  89,000	  40,000	  41,400	  40,000
  90,000	  40,000	  41,400	  40,000
  91,000	  40,000	  41,400	  40,000
  92,000	  40,000	  41,400	  40,000
  93,000	  40,000	  41,400	  40,000
  94,000	  40,000	  41,400	  40,000
  95,000	  40,000	  41,400	  40,000
  96,000	  40,000	  41,400	  40,000
  97,000	  40,000	  41,400	  40,000
  98,000	  40,000	  41,400	  40,000
  99,000	  40,000	  41,400	  40,000
 100,000	  40,000	  41,400	  40,000
 101,000	  40,000	  41,400	  40,000
 102,000	  40,000	  41,400	  40,000
 103,000	  40,000	  41,400	  40,000
 104,000	  40,000	  41,400	  40,000
 105,000	  40,000	  41,400	  40,000
 106,000	  40,000	  41,400	  40,000
 107,000	  40,000	  41,400	  40,000
 108,000	  40,000	  41,400	  40,010
 109,000	  40,000	  41,400	  40,000
 110,000	  40,000	  41,400	  40,000
 111,000	  40,000	  41,400	  40,000
 112,000	  40,000	  41,400	  40,000
 113,000	  40,000	  41,400	  40,000
 114,000	  40,000	  41,400	  40,000
 115,000	  40,000	  41,400	  40,000
 116,000	  40,000	  41,400	  40,000
 117,000	  40,000	  41,400	  40,000
 118,000	  40,000	  41,400	  40,000
 119,000	  40,000	  41,400	  40,000
 120,000	  40,000	  41,400	  40,000
 121,000	  40,000	  41,400	  40,000
 122,000	  40,000	  41,400	  40,000
 123,000	  40,000	  41,400	  40,000
 124,000	  40,000	  41,400	  40,000
 125,000	  40,000	  41,400	  40,000
 126,000	  40,000	  41,400	  40,000
 127,000	  40,000	  41,400	  40,000
 128,000	  40,000	  41,400	  40,000
 129,000	  40,000	  41,400	  40,000
 130,000	  40,000	  41,400	  40,020
 131,000	  40,000	  41,400	  40,020
 132,000	  40,000	  41,400	  40,020
 133,000	  40,000	  41,400	  40,010
 134,000	  40,000	  41,400	  40,010
 135,000	  40,000	  41,400	  40,010
 136,000	  40,000	  41,400	  40,000
 137,000	  40,000	  41,400	  40,000
 138,000	  40,000	  41,400	  40,000
 139,000	  40,000	  41,400	  40,000
 140,000	  40,000	  41,400	  40,000
 141,000	  40,000	  41,400	  40,000
 142,000	  40,000	  41,400	  40,000
 143,000	  40,000	  41,400	  39,980
 144,000	  40,000	  41,400	  39,970
 145,000	  40,000	  41,400	  39,970
 146,000	  40,000	  41,400	  39,970
 147,000	  40,000	  41,400	  39,970
 148,000	  40,000	  41,400	  39,970
 149,000	  40,000	  41,400	  39,980
 150,000	  40,000	  41,400	  39,980
 151,000	  40,000	  41,400	  39,980
 152,000	  40,000	  41,400	  39,980
 153,000	  40,000	  41,400	  39,980
 154,000	  40,000	  41,400	  39,980
 155,000	  40,000	  41,400	  39,990
 156,000	  40,000	  41,400	  39,990
 157,000	  40,000	  41,400	  39,990
 158,000	  40,000	  41,400	  39,990
 159,000	  40,000	  41,400	  39,990
