t [s] || setpoint speed [rot. s^-1] || setpoint pos [°] || duty cycle [%] || Ang Speed [rot. s^-1] ||
Ang Pos [°]
0.000000E+0	0.000000E+0	0.000000E+0	25.000000E+0	4.160937E+0	2.106675E+3
100.000000E-3	0.000000E+0	0.000000E+0	25.000000E+0	4.011399E+0	2.112553E+3
200.000000E-3	0.000000E+0	0.000000E+0	25.000000E+0	4.141928E+0	2.118445E+3
300.000000E-3	0.000000E+0	0.000000E+0	25.000000E+0	3.342282E+0	2.124267E+3
400.000000E-3	0.000000E+0	0.000000E+0	25.000000E+0	4.134324E+0	2.130202E+3
500.000000E-3	0.000000E+0	0.000000E+0	25.000000E+0	3.763014E+0	2.136094E+3
600.000000E-3	0.000000E+0	0.000000E+0	25.000000E+0	4.198955E+0	2.141986E+3
700.000000E-3	0.000000E+0	0.000000E+0	25.000000E+0	3.799765E+0	2.147878E+3
800.000000E-3	0.000000E+0	0.000000E+0	25.000000E+0	4.210360E+0	2.154319E+3
900.000000E-3	0.000000E+0	0.000000E+0	25.000000E+0	4.068426E+0	2.159662E+3
1.000000E+0	0.000000E+0	0.000000E+0	25.000000E+0	3.996192E+0	2.165484E+3
1.100000E+0	0.000000E+0	0.000000E+0	25.000000E+0	4.074762E+0	2.171419E+3
1.200000E+0	0.000000E+0	0.000000E+0	25.000000E+0	4.130522E+0	2.177888E+3
1.300000E+0	0.000000E+0	0.000000E+0	25.000000E+0	4.224300E+0	2.183189E+3
1.400000E+0	0.000000E+0	0.000000E+0	25.000000E+0	3.593201E+0	2.189138E+3
1.500000E+0	0.000000E+0	0.000000E+0	25.000000E+0	4.081099E+0	2.194959E+3
1.600000E+0	0.000000E+0	0.000000E+0	25.000000E+0	3.588132E+0	2.200908E+3
1.700000E+0	0.000000E+0	0.000000E+0	25.000000E+0	4.182480E+0	2.206786E+3
1.800000E+0	0.000000E+0	0.000000E+0	25.000000E+0	4.002528E+0	2.212664E+3
1.900000E+0	0.000000E+0	0.000000E+0	25.000000E+0	4.139393E+0	2.218613E+3
2.000000E+0	0.000000E+0	0.000000E+0	25.000000E+0	3.882138E+0	2.224434E+3
2.100000E+0	0.000000E+0	0.000000E+0	25.000000E+0	4.140660E+0	2.231058E+3
2.200000E+0	0.000000E+0	0.000000E+0	25.000000E+0	4.190084E+0	2.236317E+3
2.300000E+0	0.000000E+0	0.000000E+0	25.000000E+0	4.029141E+0	2.242223E+3
2.400000E+0	0.000000E+0	0.000000E+0	25.000000E+0	3.738936E+0	2.248748E+3
2.500000E+0	0.000000E+0	0.000000E+0	25.000000E+0	3.751609E+0	2.254036E+3
2.600000E+0	0.000000E+0	0.000000E+0	25.000000E+0	4.196420E+0	2.260013E+3
2.700000E+0	0.000000E+0	0.000000E+0	25.000000E+0	3.604606E+0	2.265891E+3
2.800000E+0	0.000000E+0	0.000000E+0	25.000000E+0	4.195153E+0	2.271825E+3
2.900000E+0	0.000000E+0	0.000000E+0	25.000000E+0	3.575459E+0	2.277745E+3
3.000000E+0	0.000000E+0	0.000000E+0	25.000000E+0	4.186282E+0	2.284228E+3
3.100000E+0	0.000000E+0	0.000000E+0	25.000000E+0	3.873267E+0	2.289600E+3
3.200000E+0	0.000000E+0	0.000000E+0	25.000000E+0	4.102642E+0	2.295464E+3
3.300000E+0	0.000000E+0	0.000000E+0	25.000000E+0	3.855525E+0	2.301441E+3
3.400000E+0	0.000000E+0	0.000000E+0	25.000000E+0	4.110246E+0	2.307403E+3
3.500000E+0	0.000000E+0	0.000000E+0	25.000000E+0	4.111513E+0	2.313225E+3
3.600000E+0	0.000000E+0	0.000000E+0	25.000000E+0	4.100108E+0	2.319187E+3
3.700000E+0	0.000000E+0	0.000000E+0	25.000000E+0	3.515897E+0	2.325698E+3
3.800000E+0	0.000000E+0	0.000000E+0	25.000000E+0	4.086168E+0	2.331675E+3
3.900000E+0	0.000000E+0	0.000000E+0	25.000000E+0	4.239507E+0	2.336948E+3
4.000000E+0	0.000000E+0	0.000000E+0	25.000000E+0	4.229369E+0	2.343459E+3
4.100000E+0	0.000000E+0	0.000000E+0	25.000000E+0	3.887207E+0	2.349394E+3
4.200000E+0	0.000000E+0	0.000000E+0	25.000000E+0	3.354954E+0	2.354653E+3
4.300000E+0	0.000000E+0	0.000000E+0	25.000000E+0	4.176144E+0	2.360644E+3
4.400000E+0	0.000000E+0	0.000000E+0	25.000000E+0	3.787093E+0	2.366508E+3
4.500000E+0	0.000000E+0	0.000000E+0	25.000000E+0	4.197687E+0	2.372456E+3
4.600000E+0	0.000000E+0	0.000000E+0	25.000000E+0	3.821309E+0	2.378939E+3
4.700000E+0	0.000000E+0	0.000000E+0	25.000000E+0	4.108979E+0	2.384409E+3
4.800000E+0	0.000000E+0	0.000000E+0	25.000000E+0	4.012666E+0	2.390217E+3
4.900000E+0	0.000000E+0	0.000000E+0	25.000000E+0	4.074762E+0	2.396095E+3
5.000000E+0	0.000000E+0	0.000000E+0	25.000000E+0	4.007597E+0	2.402058E+3
5.100000E+0	0.000000E+0	0.000000E+0	25.000000E+0	4.226834E+0	2.408569E+3
5.200000E+0	0.000000E+0	0.000000E+0	25.000000E+0	4.236973E+0	2.413912E+3
5.300000E+0	0.000000E+0	0.000000E+0	25.000000E+0	4.032943E+0	2.419889E+3
5.400000E+0	0.000000E+0	0.000000E+0	25.000000E+0	3.983519E+0	2.425823E+3
5.500000E+0	0.000000E+0	0.000000E+0	25.000000E+0	3.827645E+0	2.431828E+3
5.600000E+0	0.000000E+0	0.000000E+0	25.000000E+0	4.252180E+0	2.437720E+3
5.700000E+0	0.000000E+0	0.000000E+0	25.000000E+0	4.044348E+0	2.443767E+3
5.800000E+0	0.000000E+0	0.000000E+0	25.000000E+0	4.183747E+0	2.449659E+3
5.900000E+0	0.000000E+0	0.000000E+0	25.000000E+0	3.322005E+0	2.455523E+3
6.000000E+0	0.000000E+0	0.000000E+0	25.000000E+0	4.089970E+0	2.462119E+3
6.100000E+0	0.000000E+0	0.000000E+0	75.000000E+0	3.754144E+0	2.467448E+3
6.200000E+0	0.000000E+0	0.000000E+0	75.000000E+0	4.721069E+0	2.474747E+3
6.300000E+0	0.000000E+0	0.000000E+0	75.000000E+0	7.118739E+0	2.484956E+3
6.400000E+0	0.000000E+0	0.000000E+0	75.000000E+0	8.475982E+0	2.494997E+3
6.500000E+0	0.000000E+0	0.000000E+0	75.000000E+0	9.096943E+0	2.507625E+3
6.600000E+0	0.000000E+0	0.000000E+0	75.000000E+0	10.403495E+0	2.521561E+3
6.700000E+0	0.000000E+0	0.000000E+0	75.000000E+0	10.219741E+0	2.536720E+3
6.800000E+0	0.000000E+0	0.000000E+0	75.000000E+0	11.722720E+0	2.554622E+3
6.900000E+0	0.000000E+0	0.000000E+0	75.000000E+0	11.500948E+0	2.570231E+3
7.000000E+0	0.000000E+0	0.000000E+0	75.000000E+0	13.215560E+0	2.588428E+3
7.100000E+0	0.000000E+0	0.000000E+0	75.000000E+0	13.349891E+0	2.607314E+3
7.200000E+0	0.000000E+0	0.000000E+0	75.000000E+0	13.833987E+0	2.626763E+3
7.300000E+0	0.000000E+0	0.000000E+0	75.000000E+0	13.840323E+0	2.646914E+3
7.400000E+0	0.000000E+0	0.000000E+0	75.000000E+0	15.061968E+0	2.668359E+3
7.500000E+0	0.000000E+0	0.000000E+0	75.000000E+0	14.508172E+0	2.688722E+3
7.600000E+0	0.000000E+0	0.000000E+0	75.000000E+0	13.998731E+0	2.710209E+3
7.700000E+0	0.000000E+0	0.000000E+0	75.000000E+0	15.419337E+0	2.732077E+3
7.800000E+0	0.000000E+0	0.000000E+0	75.000000E+0	16.104929E+0	2.754323E+3
7.900000E+0	0.000000E+0	0.000000E+0	75.000000E+0	13.901152E+0	2.777048E+3
8.000000E+0	0.000000E+0	0.000000E+0	75.000000E+0	16.075781E+0	2.799661E+3
8.100000E+0	0.000000E+0	0.000000E+0	75.000000E+0	14.542389E+0	2.822738E+3
8.200000E+0	0.000000E+0	0.000000E+0	75.000000E+0	16.654922E+0	2.845941E+3
8.300000E+0	0.000000E+0	0.000000E+0	75.000000E+0	16.481307E+0	2.871717E+3
8.400000E+0	0.000000E+0	0.000000E+0	75.000000E+0	16.648586E+0	2.895469E+3
8.500000E+0	0.000000E+0	0.000000E+0	75.000000E+0	15.861613E+0	2.916802E+3
8.600000E+0	0.000000E+0	0.000000E+0	75.000000E+0	16.284880E+0	2.940905E+3
8.700000E+0	0.000000E+0	0.000000E+0	75.000000E+0	16.308958E+0	2.965191E+3
8.800000E+0	0.000000E+0	0.000000E+0	75.000000E+0	17.289823E+0	2.989491E+3
8.900000E+0	0.000000E+0	0.000000E+0	75.000000E+0	17.317703E+0	3.013552E+3
9.000000E+0	0.000000E+0	0.000000E+0	75.000000E+0	17.287288E+0	3.037767E+3
9.100000E+0	0.000000E+0	0.000000E+0	75.000000E+0	17.242934E+0	3.062095E+3
9.200000E+0	0.000000E+0	0.000000E+0	75.000000E+0	14.765428E+0	3.088997E+3
9.300000E+0	0.000000E+0	0.000000E+0	75.000000E+0	16.679000E+0	3.111187E+3
9.400000E+0	0.000000E+0	0.000000E+0	75.000000E+0	17.310099E+0	3.138244E+3
9.500000E+0	0.000000E+0	0.000000E+0	75.000000E+0	17.410213E+0	3.162909E+3
9.600000E+0	0.000000E+0	0.000000E+0	75.000000E+0	15.438346E+0	3.185114E+3
9.700000E+0	0.000000E+0	0.000000E+0	75.000000E+0	16.898237E+0	3.209920E+3
9.800000E+0	0.000000E+0	0.000000E+0	75.000000E+0	17.825877E+0	3.234684E+3
9.900000E+0	0.000000E+0	0.000000E+0	75.000000E+0	15.571409E+0	3.259533E+3
10.000000E+0	0.000000E+0	0.000000E+0	75.000000E+0	17.725763E+0	3.284508E+3
10.100000E+0	0.000000E+0	0.000000E+0	75.000000E+0	17.041439E+0	3.309272E+3
10.200000E+0	0.000000E+0	0.000000E+0	75.000000E+0	17.253072E+0	3.334711E+3
10.300000E+0	0.000000E+0	0.000000E+0	75.000000E+0	18.005828E+0	3.359377E+3
10.400000E+0	0.000000E+0	0.000000E+0	75.000000E+0	15.115193E+0	3.386827E+3
10.500000E+0	0.000000E+0	0.000000E+0	75.000000E+0	17.876567E+0	3.409622E+3
10.600000E+0	0.000000E+0	0.000000E+0	75.000000E+0	16.055505E+0	3.434330E+3
10.700000E+0	0.000000E+0	0.000000E+0	75.000000E+0	17.180838E+0	3.459389E+3
10.800000E+0	0.000000E+0	0.000000E+0	75.000000E+0	17.471042E+0	3.484547E+3
10.900000E+0	0.000000E+0	0.000000E+0	75.000000E+0	16.964135E+0	3.509452E+3
11.000000E+0	0.000000E+0	0.000000E+0	75.000000E+0	17.337979E+0	3.534511E+3
11.100000E+0	0.000000E+0	0.000000E+0	75.000000E+0	15.694334E+0	3.559753E+3
11.200000E+0	0.000000E+0	0.000000E+0	75.000000E+0	17.804333E+0	3.584855E+3
11.300000E+0	0.000000E+0	0.000000E+0	75.000000E+0	16.142947E+0	3.609900E+3
11.400000E+0	0.000000E+0	0.000000E+0	75.000000E+0	17.588898E+0	3.635072E+3
11.500000E+0	0.000000E+0	0.000000E+0	75.000000E+0	15.367379E+0	3.660244E+3
11.600000E+0	0.000000E+0	0.000000E+0	75.000000E+0	17.853756E+0	3.687947E+3
11.700000E+0	0.000000E+0	0.000000E+0	75.000000E+0	16.482574E+0	3.710602E+3
11.800000E+0	0.000000E+0	0.000000E+0	75.000000E+0	18.187048E+0	3.738530E+3
11.900000E+0	0.000000E+0	0.000000E+0	75.000000E+0	15.347103E+0	3.761283E+3
12.000000E+0	0.000000E+0	0.000000E+0	75.000000E+0	17.884171E+0	3.786497E+3
12.100000E+0	0.000000E+0	0.000000E+0	75.000000E+0	15.651247E+0	3.811641E+3
12.200000E+0	0.000000E+0	0.000000E+0	75.000000E+0	17.465973E+0	3.836897E+3
12.300000E+0	0.000000E+0	0.000000E+0	75.000000E+0	16.751234E+0	3.864684E+3
12.400000E+0	0.000000E+0	0.000000E+0	75.000000E+0	17.934862E+0	3.887437E+3
12.500000E+0	0.000000E+0	0.000000E+0	75.000000E+0	16.932454E+0	3.912638E+3
12.600000E+0	0.000000E+0	0.000000E+0	75.000000E+0	17.937396E+0	3.940425E+3
12.700000E+0	0.000000E+0	0.000000E+0	75.000000E+0	16.864021E+0	3.963220E+3
12.800000E+0	0.000000E+0	0.000000E+0	75.000000E+0	17.695348E+0	3.988448E+3
12.900000E+0	0.000000E+0	0.000000E+0	75.000000E+0	17.635787E+0	4.013733E+3
13.000000E+0	0.000000E+0	0.000000E+0	75.000000E+0	16.608033E+0	4.039059E+3
13.100000E+0	0.000000E+0	0.000000E+0	75.000000E+0	17.623114E+0	4.064302E+3
13.200000E+0	0.000000E+0	0.000000E+0	75.000000E+0	16.165757E+0	4.092061E+3
13.300000E+0	0.000000E+0	0.000000E+0	75.000000E+0	18.083132E+0	4.114969E+3
13.400000E+0	0.000000E+0	0.000000E+0	75.000000E+0	15.637307E+0	4.140098E+3
13.500000E+0	0.000000E+0	0.000000E+0	75.000000E+0	18.180711E+0	4.165566E+3
13.600000E+0	0.000000E+0	0.000000E+0	75.000000E+0	17.373462E+0	4.191300E+3
13.700000E+0	0.000000E+0	0.000000E+0	75.000000E+0	16.799391E+0	4.216739E+3
13.800000E+0	0.000000E+0	0.000000E+0	75.000000E+0	17.097198E+0	4.241686E+3
13.900000E+0	0.000000E+0	0.000000E+0	75.000000E+0	16.292484E+0	4.269558E+3
14.000000E+0	0.000000E+0	0.000000E+0	75.000000E+0	17.932327E+0	4.294856E+3
14.100000E+0	0.000000E+0	0.000000E+0	75.000000E+0	15.983271E+0	4.317708E+3
14.200000E+0	0.000000E+0	0.000000E+0	75.000000E+0	18.131288E+0	4.343034E+3
14.300000E+0	0.000000E+0	0.000000E+0	75.000000E+0	15.911037E+0	4.368417E+3
14.400000E+0	0.000000E+0	0.000000E+0	75.000000E+0	17.852489E+0	4.393786E+3
14.500000E+0	0.000000E+0	0.000000E+0	75.000000E+0	16.404003E+0	4.419183E+3
14.600000E+0	0.000000E+0	0.000000E+0	75.000000E+0	17.771384E+0	4.444566E+3
14.700000E+0	0.000000E+0	0.000000E+0	75.000000E+0	17.682675E+0	4.469948E+3
14.800000E+0	0.000000E+0	0.000000E+0	75.000000E+0	16.388796E+0	4.497820E+3
14.900000E+0	0.000000E+0	0.000000E+0	75.000000E+0	17.941198E+0	4.520742E+3
15.000000E+0	0.000000E+0	0.000000E+0	75.000000E+0	16.369787E+0	4.546069E+3
15.100000E+0	0.000000E+0	0.000000E+0	75.000000E+0	17.344315E+0	4.571494E+3
15.200000E+0	0.000000E+0	0.000000E+0	75.000000E+0	17.770117E+0	4.599717E+3
15.300000E+0	0.000000E+0	0.000000E+0	75.000000E+0	16.130274E+0	4.622752E+3
15.400000E+0	0.000000E+0	0.000000E+0	75.000000E+0	18.071726E+0	4.647952E+3
15.500000E+0	0.000000E+0	0.000000E+0	75.000000E+0	16.292484E+0	4.673419E+3
15.600000E+0	0.000000E+0	0.000000E+0	75.000000E+0	18.021036E+0	4.698858E+3
15.700000E+0	0.000000E+0	0.000000E+0	75.000000E+0	17.852489E+0	4.724269E+3
15.800000E+0	0.000000E+0	0.000000E+0	75.000000E+0	15.940184E+0	4.749750E+3
15.900000E+0	0.000000E+0	0.000000E+0	75.000000E+0	18.251678E+0	4.775119E+3
16.000000E+0	0.000000E+0	0.000000E+0	75.000000E+0	17.694081E+0	4.801134E+3
16.100000E+0	0.000000E+0	0.000000E+0	75.000000E+0	17.871498E+0	4.825983E+3
16.200000E+0	0.000000E+0	0.000000E+0	75.000000E+0	16.970472E+0	4.851408E+3
16.300000E+0	0.000000E+0	0.000000E+0	75.000000E+0	17.171967E+0	4.876833E+3
16.400000E+0	0.000000E+0	0.000000E+0	75.000000E+0	17.777720E+0	4.902187E+3
16.500000E+0	0.000000E+0	0.000000E+0	75.000000E+0	15.563806E+0	4.927683E+3
16.600000E+0	0.000000E+0	0.000000E+0	75.000000E+0	18.007096E+0	4.953038E+3
16.700000E+0	0.000000E+0	0.000000E+0	75.000000E+0	17.667468E+0	4.978533E+3
16.800000E+0	0.000000E+0	0.000000E+0	75.000000E+0	16.572550E+0	5.003873E+3
16.900000E+0	0.000000E+0	0.000000E+0	75.000000E+0	18.254213E+0	5.029552E+3
17.000000E+0	0.000000E+0	0.000000E+0	75.000000E+0	16.453427E+0	5.054991E+3
17.100000E+0	0.000000E+0	0.000000E+0	75.000000E+0	17.533138E+0	5.080416E+3
17.200000E+0	0.000000E+0	0.000000E+0	75.000000E+0	17.426688E+0	5.105798E+3
17.300000E+0	0.000000E+0	0.000000E+0	75.000000E+0	15.505511E+0	5.133755E+3
17.400000E+0	0.000000E+0	0.000000E+0	75.000000E+0	18.057786E+0	5.156663E+3
17.500000E+0	0.000000E+0	0.000000E+0	75.000000E+0	15.189962E+0	5.182073E+3
17.600000E+0	0.000000E+0	0.000000E+0	75.000000E+0	17.283486E+0	5.210114E+3
17.700000E+0	0.000000E+0	0.000000E+0	75.000000E+0	17.365859E+0	5.232909E+3
17.800000E+0	0.000000E+0	0.000000E+0	75.000000E+0	16.398934E+0	5.258447E+3
17.900000E+0	0.000000E+0	0.000000E+0	75.000000E+0	17.882904E+0	5.283886E+3
18.000000E+0	0.000000E+0	0.000000E+0	75.000000E+0	16.540868E+0	5.309297E+3
18.100000E+0	0.000000E+0	0.000000E+0	75.000000E+0	17.358255E+0	5.334722E+3
18.200000E+0	0.000000E+0	0.000000E+0	75.000000E+0	17.567354E+0	5.360245E+3
18.300000E+0	0.000000E+0	0.000000E+0	75.000000E+0	17.005955E+0	5.385670E+3
18.400000E+0	0.000000E+0	0.000000E+0	75.000000E+0	18.141426E+0	5.411152E+3
18.500000E+0	0.000000E+0	0.000000E+0	75.000000E+0	16.102394E+0	5.436591E+3
18.600000E+0	0.000000E+0	0.000000E+0	75.000000E+0	18.102141E+0	5.462016E+3
18.700000E+0	0.000000E+0	0.000000E+0	75.000000E+0	18.094537E+0	5.487806E+3
18.800000E+0	0.000000E+0	0.000000E+0	75.000000E+0	15.680394E+0	5.515636E+3
18.900000E+0	0.000000E+0	0.000000E+0	75.000000E+0	18.303636E+0	5.538698E+3
19.000000E+0	0.000000E+0	0.000000E+0	75.000000E+0	17.875300E+0	5.566781E+3
19.100000E+0	0.000000E+0	0.000000E+0	75.000000E+0	16.158154E+0	5.589717E+3
19.200000E+0	0.000000E+0	0.000000E+0	75.000000E+0	18.071726E+0	5.615269E+3
19.300000E+0	0.000000E+0	0.000000E+0	75.000000E+0	16.910910E+0	5.643338E+3
19.400000E+0	0.000000E+0	0.000000E+0	75.000000E+0	16.717018E+0	5.666217E+3
19.500000E+0	0.000000E+0	0.000000E+0	75.000000E+0	17.814471E+0	5.694314E+3
19.600000E+0	0.000000E+0	0.000000E+0	75.000000E+0	16.468634E+0	5.719866E+3
19.700000E+0	0.000000E+0	0.000000E+0	75.000000E+0	17.578760E+0	5.742844E+3
19.800000E+0	0.000000E+0	0.000000E+0	75.000000E+0	18.263084E+0	5.770955E+3
19.900000E+0	0.000000E+0	0.000000E+0	75.000000E+0	15.286274E+0	5.796464E+3
20.000000E+0	0.000000E+0	0.000000E+0	75.000000E+0	17.910783E+0	5.819470E+3
20.100000E+0	0.000000E+0	0.000000E+0	75.000000E+0	17.354453E+0	5.845106E+3
20.200000E+0	0.000000E+0	0.000000E+0	75.000000E+0	17.019895E+0	5.870531E+3
20.300000E+0	0.000000E+0	0.000000E+0	75.000000E+0	18.401216E+0	5.898642E+3
20.400000E+0	0.000000E+0	0.000000E+0	75.000000E+0	17.170700E+0	5.921663E+3
20.500000E+0	0.000000E+0	0.000000E+0	75.000000E+0	17.344315E+0	5.947214E+3
20.600000E+0	0.000000E+0	0.000000E+0	75.000000E+0	18.168039E+0	5.972850E+3
20.700000E+0	0.000000E+0	0.000000E+0	75.000000E+0	16.438220E+0	5.998247E+3
20.800000E+0	0.000000E+0	0.000000E+0	75.000000E+0	16.306424E+0	6.026386E+3
20.900000E+0	0.000000E+0	0.000000E+0	75.000000E+0	18.173108E+0	6.049448E+3
21.000000E+0	0.000000E+0	0.000000E+0	75.000000E+0	15.864148E+0	6.075000E+3
21.100000E+0	0.000000E+0	0.000000E+0	75.000000E+0	17.937396E+0	6.100538E+3
21.200000E+0	0.000000E+0	0.000000E+0	75.000000E+0	18.247876E+0	6.128606E+3
21.300000E+0	0.000000E+0	0.000000E+0	75.000000E+0	15.799517E+0	6.151711E+3
21.400000E+0	0.000000E+0	0.000000E+0	75.000000E+0	17.928525E+0	6.177262E+3
21.500000E+0	0.000000E+0	0.000000E+0	75.000000E+0	18.298567E+0	6.202828E+3
21.600000E+0	0.000000E+0	0.000000E+0	75.000000E+0	17.676339E+0	6.231234E+3
21.700000E+0	0.000000E+0	0.000000E+0	75.000000E+0	17.765048E+0	6.254227E+3
21.800000E+0	0.000000E+0	0.000000E+0	75.000000E+0	18.181979E+0	6.279891E+3
21.900000E+0	0.000000E+0	0.000000E+0	75.000000E+0	17.521733E+0	6.308044E+3
22.000000E+0	0.000000E+0	0.000000E+0	75.000000E+0	17.732099E+0	6.331064E+3
22.100000E+0	0.000000E+0	0.000000E+0	75.000000E+0	17.919654E+0	6.356588E+3
22.200000E+0	0.000000E+0	0.000000E+0	75.000000E+0	17.341781E+0	6.384755E+3
22.300000E+0	0.000000E+0	0.000000E+0	75.000000E+0	17.614243E+0	6.407887E+3
22.400000E+0	0.000000E+0	0.000000E+0	75.000000E+0	17.766315E+0	6.433791E+3
22.500000E+0	0.000000E+0	0.000000E+0	75.000000E+0	16.621973E+0	6.459089E+3
22.600000E+0	0.000000E+0	0.000000E+0	75.000000E+0	15.902166E+0	6.487298E+3
22.700000E+0	0.000000E+0	0.000000E+0	75.000000E+0	18.189582E+0	6.510347E+3
22.800000E+0	0.000000E+0	0.000000E+0	75.000000E+0	16.634646E+0	6.536025E+3
22.900000E+0	0.000000E+0	0.000000E+0	75.000000E+0	15.876820E+0	6.564178E+3
23.000000E+0	0.000000E+0	0.000000E+0	75.000000E+0	17.790393E+0	6.587269E+3
23.100000E+0	0.000000E+0	0.000000E+0	75.000000E+0	17.360790E+0	6.612919E+3
23.200000E+0	0.000000E+0	0.000000E+0	75.000000E+0	16.774045E+0	6.638583E+3
23.300000E+0	0.000000E+0	0.000000E+0	75.000000E+0	17.567354E+0	6.664486E+3
23.400000E+0	0.000000E+0	0.000000E+0	75.000000E+0	17.743504E+0	6.689855E+3
23.500000E+0	0.000000E+0	0.000000E+0	75.000000E+0	16.793054E+0	6.715772E+3
23.600000E+0	0.000000E+0	0.000000E+0	75.000000E+0	17.150423E+0	6.741450E+3
23.700000E+0	0.000000E+0	0.000000E+0	75.000000E+0	18.094537E+0	6.767156E+3
23.800000E+0	0.000000E+0	0.000000E+0	75.000000E+0	17.648459E+0	6.792806E+3
23.900000E+0	0.000000E+0	0.000000E+0	75.000000E+0	15.382586E+0	6.818653E+3
24.000000E+0	0.000000E+0	0.000000E+0	75.000000E+0	18.417690E+0	6.844177E+3
24.100000E+0	0.000000E+0	0.000000E+0	75.000000E+0	18.056519E+0	6.869883E+3
24.200000E+0	0.000000E+0	0.000000E+0	75.000000E+0	15.105055E+0	6.895786E+3
24.300000E+0	0.000000E+0	0.000000E+0	75.000000E+0	17.296159E+0	6.921211E+3
24.400000E+0	0.000000E+0	0.000000E+0	75.000000E+0	17.961474E+0	6.946889E+3
24.500000E+0	0.000000E+0	0.000000E+0	75.000000E+0	16.710682E+0	6.972694E+3
24.600000E+0	0.000000E+0	0.000000E+0	75.000000E+0	17.406411E+0	6.998414E+3
24.700000E+0	0.000000E+0	0.000000E+0	75.000000E+0	18.169306E+0	7.024120E+3
24.800000E+0	0.000000E+0	0.000000E+0	75.000000E+0	17.360790E+0	7.049700E+3
24.900000E+0	0.000000E+0	0.000000E+0	75.000000E+0	15.084779E+0	7.078008E+3
25.000000E+0	0.000000E+0	0.000000E+0	75.000000E+0	17.799264E+0	7.101197E+3
25.100000E+0	0.000000E+0	0.000000E+0	75.000000E+0	18.089468E+0	7.129814E+3
25.200000E+0	0.000000E+0	0.000000E+0	75.000000E+0	17.993156E+0	7.152919E+3
25.300000E+0	0.000000E+0	0.000000E+0	75.000000E+0	16.336838E+0	7.178541E+3
25.400000E+0	0.000000E+0	0.000000E+0	75.000000E+0	18.313774E+0	7.204373E+3
25.500000E+0	0.000000E+0	0.000000E+0	75.000000E+0	18.387276E+0	7.232681E+3
25.600000E+0	0.000000E+0	0.000000E+0	75.000000E+0	16.186034E+0	7.255870E+3
25.700000E+0	0.000000E+0	0.000000E+0	75.000000E+0	17.597769E+0	7.281577E+3
25.800000E+0	0.000000E+0	0.000000E+0	75.000000E+0	17.862627E+0	7.307241E+3
25.900000E+0	0.000000E+0	0.000000E+0	75.000000E+0	18.008363E+0	7.335633E+3
26.000000E+0	0.000000E+0	0.000000E+0	75.000000E+0	15.837535E+0	7.358822E+3
26.100000E+0	0.000000E+0	0.000000E+0	75.000000E+0	17.457102E+0	7.384570E+3
26.200000E+0	0.000000E+0	0.000000E+0	75.000000E+0	18.293498E+0	7.410305E+3
26.300000E+0	0.000000E+0	0.000000E+0	75.000000E+0	17.561018E+0	7.436067E+3
26.400000E+0	0.000000E+0	0.000000E+0	75.000000E+0	15.908502E+0	7.461830E+3
26.500000E+0	0.000000E+0	0.000000E+0	75.000000E+0	18.203522E+0	7.487648E+3
26.600000E+0	0.000000E+0	0.000000E+0	75.000000E+0	18.424026E+0	7.513397E+3
26.700000E+0	0.000000E+0	0.000000E+0	75.000000E+0	16.619439E+0	7.539047E+3
26.800000E+0	0.000000E+0	0.000000E+0	75.000000E+0	17.373462E+0	7.564823E+3
26.900000E+0	0.000000E+0	0.000000E+0	75.000000E+0	18.151564E+0	7.590614E+3
27.000000E+0	0.000000E+0	0.000000E+0	75.000000E+0	17.759979E+0	7.616433E+3
27.100000E+0	0.000000E+0	0.000000E+0	75.000000E+0	16.768976E+0	7.642111E+3
27.200000E+0	0.000000E+0	0.000000E+0	75.000000E+0	15.766568E+0	7.668141E+3
27.300000E+0	0.000000E+0	0.000000E+0	75.000000E+0	18.327714E+0	7.693945E+3
27.400000E+0	0.000000E+0	0.000000E+0	75.000000E+0	18.349258E+0	7.719820E+3
27.500000E+0	0.000000E+0	0.000000E+0	75.000000E+0	16.486376E+0	7.745541E+3
27.600000E+0	0.000000E+0	0.000000E+0	75.000000E+0	17.346850E+0	7.771247E+3
27.700000E+0	0.000000E+0	0.000000E+0	75.000000E+0	17.616778E+0	7.797206E+3
27.800000E+0	0.000000E+0	0.000000E+0	75.000000E+0	18.089468E+0	7.822786E+3
27.900000E+0	0.000000E+0	0.000000E+0	75.000000E+0	17.051577E+0	7.848647E+3
28.000000E+0	0.000000E+0	0.000000E+0	75.000000E+0	16.900772E+0	7.874353E+3
28.100000E+0	0.000000E+0	0.000000E+0	75.000000E+0	18.616651E+0	7.900116E+3
28.200000E+0	0.000000E+0	0.000000E+0	75.000000E+0	17.925991E+0	7.925878E+3
28.300000E+0	0.000000E+0	0.000000E+0	75.000000E+0	15.769103E+0	7.951683E+3
28.400000E+0	0.000000E+0	0.000000E+0	75.000000E+0	17.796729E+0	7.977459E+3
28.500000E+0	0.000000E+0	0.000000E+0	75.000000E+0	18.265618E+0	8.003306E+3
28.600000E+0	0.000000E+0	0.000000E+0	75.000000E+0	17.586363E+0	8.028970E+3
28.700000E+0	0.000000E+0	0.000000E+0	75.000000E+0	16.196172E+0	8.054747E+3
28.800000E+0	0.000000E+0	0.000000E+0	75.000000E+0	17.474844E+0	8.080552E+3
28.900000E+0	0.000000E+0	0.000000E+0	75.000000E+0	18.388543E+0	8.106637E+3
29.000000E+0	0.000000E+0	0.000000E+0	75.000000E+0	18.345456E+0	8.132386E+3
29.100000E+0	0.000000E+0	0.000000E+0	75.000000E+0	15.623367E+0	8.158064E+3
29.200000E+0	0.000000E+0	0.000000E+0	75.000000E+0	17.797997E+0	8.183869E+3
29.300000E+0	0.000000E+0	0.000000E+0	75.000000E+0	18.275756E+0	8.209659E+3
29.400000E+0	0.000000E+0	0.000000E+0	75.000000E+0	17.368393E+0	8.235450E+3
29.500000E+0	0.000000E+0	0.000000E+0	75.000000E+0	16.281079E+0	8.261170E+3
29.600000E+0	0.000000E+0	0.000000E+0	75.000000E+0	17.573691E+0	8.289577E+3
29.700000E+0	0.000000E+0	0.000000E+0	75.000000E+0	18.443035E+0	8.312962E+3
29.800000E+0	0.000000E+0	0.000000E+0	75.000000E+0	17.936129E+0	8.338584E+3
29.900000E+0	0.000000E+0	0.000000E+0	75.000000E+0	15.387656E+0	8.364319E+3
30.000000E+0	0.000000E+0	0.000000E+0	75.000000E+0	18.146495E+0	8.390109E+3
30.100000E+0	0.000000E+0	0.000000E+0	75.000000E+0	18.024837E+0	8.415858E+3
