0.000000E+0	0.000000E+0	50.000000E+0	100.000000E-3	-42.591357E-3	-0.000000E+0
100.000000E-3	0.000000E+0	50.000000E+0	100.000000E-3	-38.789552E-3	-0.000000E+0
200.000000E-3	0.000000E+0	50.000000E+0	100.000000E-3	-38.789552E-3	-0.000000E+0
300.000000E-3	0.000000E+0	50.000000E+0	100.000000E-3	-9.642381E-3	-0.000000E+0
400.000000E-3	0.000000E+0	50.000000E+0	100.000000E-3	-18.513259E-3	-0.000000E+0
500.000000E-3	0.000000E+0	50.000000E+0	100.000000E-3	-12.176917E-3	-0.000000E+0
600.000000E-3	0.000000E+0	50.000000E+0	100.000000E-3	-10.909649E-3	-0.000000E+0
700.000000E-3	0.000000E+0	50.000000E+0	100.000000E-3	-19.780527E-3	-0.000000E+0
800.000000E-3	0.000000E+0	50.000000E+0	100.000000E-3	-28.651406E-3	-0.000000E+0
900.000000E-3	0.000000E+0	50.000000E+0	100.000000E-3	-41.324089E-3	-0.000000E+0
1.000000E+0	0.000000E+0	50.000000E+0	100.000000E-3	-41.324089E-3	-0.000000E+0
1.100000E+0	0.000000E+0	50.000000E+0	100.000000E-3	-27.384137E-3	-0.000000E+0
1.200000E+0	0.000000E+0	50.000000E+0	2.404035E+0	-13.444186E-3	-0.000000E+0
1.300000E+0	0.000000E+0	50.000000E+0	3.554435E+0	-26.116869E-3	14.062500E-3
1.400000E+0	0.000000E+0	50.000000E+0	4.737860E+0	-23.582332E-3	28.125000E-3
1.500000E+0	0.000000E+0	50.000000E+0	5.574474E+0	19.504791E-3	56.250000E-3
1.600000E+0	0.000000E+0	50.000000E+0	5.574474E+0	13.168449E-3	98.437500E-3
1.700000E+0	0.000000E+0	50.000000E+0	5.588892E+0	30.910206E-3	196.875000E-3
1.800000E+0	0.000000E+0	50.000000E+0	5.542679E+0	34.712011E-3	295.312500E-3
1.900000E+0	0.000000E+0	50.000000E+0	5.542679E+0	29.642937E-3	379.687500E-3
2.000000E+0	0.000000E+0	50.000000E+0	6.098303E+0	29.642937E-3	450.000000E-3
2.100000E+0	0.000000E+0	50.000000E+0	6.781654E+0	5.564839E-3	478.125000E-3
2.200000E+0	0.000000E+0	50.000000E+0	6.781654E+0	25.841132E-3	520.312500E-3
2.300000E+0	0.000000E+0	50.000000E+0	7.531506E+0	-22.315064E-3	562.500000E-3
2.400000E+0	0.000000E+0	50.000000E+0	8.423942E+0	19.504791E-3	590.625000E-3
2.500000E+0	0.000000E+0	50.000000E+0	8.423942E+0	18.237522E-3	632.812500E-3
2.600000E+0	0.000000E+0	50.000000E+0	8.869864E+0	28.375669E-3	675.000000E-3
2.700000E+0	0.000000E+0	50.000000E+0	9.318001E+0	52.453767E-3	759.375000E-3
2.800000E+0	0.000000E+0	50.000000E+0	9.318001E+0	106.946304E-3	900.000000E-3
2.900000E+0	0.000000E+0	50.000000E+0	8.138495E+0	104.411768E-3	1.096875E+0
3.000000E+0	0.000000E+0	50.000000E+0	7.537678E+0	155.102500E-3	1.335937E+0
3.100000E+0	0.000000E+0	50.000000E+0	5.560755E+0	156.369768E-3	1.617187E+0
3.200000E+0	0.000000E+0	50.000000E+0	5.560755E+0	86.670011E-3	1.856250E+0
3.300000E+0	0.000000E+0	50.000000E+0	4.781410E+0	49.919230E-3	1.982813E+0
3.400000E+0	0.000000E+0	50.000000E+0	4.781410E+0	-4.573307E-3	2.039062E+0
3.500000E+0	0.000000E+0	50.000000E+0	5.558086E+0	-38.789552E-3	2.053125E+0
3.600000E+0	0.000000E+0	50.000000E+0	11.146168E+0	-27.384137E-3	2.053125E+0
3.700000E+0	0.000000E+0	50.000000E+0	11.714119E+0	96.808158E-3	2.137500E+0
3.800000E+0	0.000000E+0	50.000000E+0	11.078638E+0	196.922353E-3	2.362500E+0
3.900000E+0	0.000000E+0	50.000000E+0	11.078638E+0	313.511035E-3	2.784375E+0
4.000000E+0	0.000000E+0	50.000000E+0	6.352476E+0	234.940402E-3	3.248438E+0
4.100000E+0	0.000000E+0	50.000000E+0	2.919574E+0	167.775183E-3	3.656250E+0
4.200000E+0	0.000000E+0	50.000000E+0	2.919574E+0	118.351719E-3	3.965625E+0
4.300000E+0	0.000000E+0	50.000000E+0	1.219172E+0	13.168449E-3	4.120312E+0
4.400000E+0	0.000000E+0	50.000000E+0	2.716720E+0	-14.711454E-3	4.120312E+0
4.500000E+0	0.000000E+0	50.000000E+0	3.729564E+0	-4.573307E-3	4.120312E+0
4.600000E+0	0.000000E+0	50.000000E+0	4.730932E+0	-9.642381E-3	4.120312E+0
4.700000E+0	0.000000E+0	50.000000E+0	6.793476E+0	-37.522284E-3	4.120312E+0
4.800000E+0	0.000000E+0	50.000000E+0	7.849076E+0	-31.185942E-3	4.134375E+0
4.900000E+0	0.000000E+0	50.000000E+0	8.704155E+0	-4.573307E-3	4.162500E+0
5.000000E+0	0.000000E+0	50.000000E+0	8.980639E+0	24.573864E-3	4.218750E+0
5.100000E+0	0.000000E+0	50.000000E+0	8.980639E+0	48.651962E-3	4.303125E+0
5.200000E+0	0.000000E+0	50.000000E+0	8.457252E+0	89.204548E-3	4.457813E+0
5.300000E+0	0.000000E+0	50.000000E+0	6.643449E+0	144.964353E-3	4.682812E+0
5.400000E+0	0.000000E+0	50.000000E+0	6.643449E+0	208.327768E-3	4.950000E+0
5.500000E+0	0.000000E+0	50.000000E+0	4.386088E+0	174.111524E-3	5.259375E+0
5.600000E+0	0.000000E+0	50.000000E+0	3.411493E+0	82.868206E-3	5.456250E+0
5.700000E+0	0.000000E+0	50.000000E+0	3.411493E+0	3.030303E-3	5.526562E+0
5.800000E+0	0.000000E+0	50.000000E+0	4.903144E+0	-9.642381E-3	5.526562E+0
5.900000E+0	0.000000E+0	50.000000E+0	5.673380E+0	-12.176917E-3	5.526562E+0
6.000000E+0	0.000000E+0	50.000000E+0	6.891247E+0	-5.840576E-3	5.540625E+0
6.100000E+0	0.000000E+0	50.000000E+0	7.821013E+0	-4.573307E-3	5.540625E+0
6.200000E+0	0.000000E+0	50.000000E+0	8.585026E+0	15.702986E-3	5.582813E+0
6.300000E+0	0.000000E+0	50.000000E+0	8.599117E+0	61.324645E-3	5.667187E+0
6.400000E+0	0.000000E+0	50.000000E+0	8.599117E+0	110.748109E-3	5.835937E+0
6.500000E+0	0.000000E+0	50.000000E+0	6.967868E+0	163.973378E-3	6.117187E+0
6.600000E+0	0.000000E+0	50.000000E+0	4.779326E+0	210.862304E-3	6.468750E+0
6.700000E+0	0.000000E+0	50.000000E+0	2.864289E+0	113.282646E-3	6.750000E+0
6.800000E+0	0.000000E+0	50.000000E+0	2.864289E+0	34.712011E-3	6.904688E+0
6.900000E+0	0.000000E+0	50.000000E+0	3.046961E+0	-19.780527E-3	6.975000E+0
7.000000E+0	0.000000E+0	50.000000E+0	3.046961E+0	-41.324089E-3	6.975000E+0
7.100000E+0	0.000000E+0	50.000000E+0	5.395160E+0	-771.502440E-6	6.975000E+0
7.200000E+0	0.000000E+0	50.000000E+0	5.395160E+0	-21.047796E-3	7.003125E+0
7.300000E+0	0.000000E+0	50.000000E+0	5.974305E+0	-771.502440E-6	7.045313E+0
7.400000E+0	0.000000E+0	50.000000E+0	5.980433E+0	39.781084E-3	7.115625E+0
7.500000E+0	0.000000E+0	50.000000E+0	5.980433E+0	66.393718E-3	7.214062E+0
7.600000E+0	0.000000E+0	50.000000E+0	5.965176E+0	96.808158E-3	7.340625E+0
7.700000E+0	0.000000E+0	50.000000E+0	4.903085E+0	103.144499E-3	7.509375E+0
7.800000E+0	0.000000E+0	50.000000E+0	4.903085E+0	61.324645E-3	7.635937E+0
7.900000E+0	0.000000E+0	50.000000E+0	4.489544E+0	-15.978722E-3	7.720313E+0
8.000000E+0	0.000000E+0	50.000000E+0	7.502327E+0	-10.909649E-3	7.720313E+0
8.100000E+0	0.000000E+0	50.000000E+0	8.494560E+0	495.765883E-6	7.748438E+0
8.200000E+0	0.000000E+0	50.000000E+0	9.173331E+0	43.582889E-3	7.846875E+0
8.300000E+0	0.000000E+0	50.000000E+0	8.940258E+0	80.333670E-3	8.001563E+0
8.400000E+0	0.000000E+0	50.000000E+0	6.887802E+0	122.153524E-3	8.226562E+0
8.500000E+0	0.000000E+0	50.000000E+0	6.887802E+0	151.300695E-3	8.507812E+0
8.600000E+0	0.000000E+0	50.000000E+0	4.328923E+0	147.498890E-3	8.831250E+0
8.700000E+0	0.000000E+0	50.000000E+0	2.816872E+0	80.333670E-3	9.056250E+0
8.800000E+0	0.000000E+0	50.000000E+0	2.816872E+0	-12.176917E-3	9.168750E+0
8.900000E+0	0.000000E+0	50.000000E+0	3.789559E+0	-31.185942E-3	9.168750E+0
9.000000E+0	0.000000E+0	50.000000E+0	4.787391E+0	-18.513259E-3	9.168750E+0
9.100000E+0	0.000000E+0	50.000000E+0	6.559240E+0	-38.789552E-3	9.168750E+0
9.200000E+0	0.000000E+0	50.000000E+0	7.483055E+0	-31.185942E-3	9.182813E+0
9.300000E+0	0.000000E+0	50.000000E+0	7.483055E+0	16.970254E-3	9.196875E+0
9.400000E+0	0.000000E+0	50.000000E+0	7.845974E+0	18.237522E-3	9.267188E+0
9.500000E+0	0.000000E+0	50.000000E+0	7.692194E+0	47.384694E-3	9.365625E+0
9.600000E+0	0.000000E+0	50.000000E+0	7.692194E+0	89.204548E-3	9.520313E+0
9.700000E+0	0.000000E+0	50.000000E+0	6.743491E+0	119.618987E-3	9.731250E+0
9.800000E+0	0.000000E+0	50.000000E+0	4.080161E+0	184.249670E-3	9.998437E+0
9.900000E+0	0.000000E+0	50.000000E+0	4.080161E+0	77.799133E-3	10.223438E+0
10.000000E+0	0.000000E+0	50.000000E+0	3.498518E+0	14.435717E-3	10.350000E+0
10.100000E+0	0.000000E+0	50.000000E+0	4.106947E+0	-14.711454E-3	10.378125E+0
10.200000E+0	0.000000E+0	50.000000E+0	4.106947E+0	-12.176917E-3	10.378125E+0
10.300000E+0	0.000000E+0	50.000000E+0	6.124809E+0	-13.444186E-3	10.378125E+0
10.400000E+0	0.000000E+0	50.000000E+0	6.826176E+0	8.099376E-3	10.392188E+0
10.500000E+0	0.000000E+0	50.000000E+0	6.826176E+0	495.765883E-6	10.434375E+0
10.600000E+0	0.000000E+0	50.000000E+0	6.822446E+0	25.841132E-3	10.504688E+0
10.700000E+0	0.000000E+0	50.000000E+0	6.563785E+0	71.462792E-3	10.617187E+0
10.800000E+0	0.000000E+0	50.000000E+0	6.563785E+0	80.333670E-3	10.757812E+0
10.900000E+0	0.000000E+0	50.000000E+0	5.565853E+0	93.006353E-3	10.954688E+0
11.000000E+0	0.000000E+0	50.000000E+0	3.513245E+0	141.162548E-3	11.165625E+0
11.100000E+0	0.000000E+0	50.000000E+0	3.513245E+0	76.531865E-3	11.362500E+0
11.200000E+0	0.000000E+0	50.000000E+0	3.097732E+0	19.504791E-3	11.460937E+0
11.300000E+0	0.000000E+0	50.000000E+0	3.097732E+0	-12.176917E-3	11.475000E+0
11.400000E+0	0.000000E+0	50.000000E+0	5.963969E+0	-10.909649E-3	11.475000E+0
11.500000E+0	0.000000E+0	50.000000E+0	6.850353E+0	3.030303E-3	11.489063E+0
11.600000E+0	0.000000E+0	50.000000E+0	7.598433E+0	38.513815E-3	11.545312E+0
11.700000E+0	0.000000E+0	50.000000E+0	7.162199E+0	71.462792E-3	11.629688E+0
11.800000E+0	0.000000E+0	50.000000E+0	7.162199E+0	67.660987E-3	11.770313E+0
11.900000E+0	0.000000E+0	50.000000E+0	5.975543E+0	105.679036E-3	11.953125E+0
12.000000E+0	0.000000E+0	50.000000E+0	4.407725E+0	122.153524E-3	12.150000E+0
12.100000E+0	0.000000E+0	50.000000E+0	4.407725E+0	137.360743E-3	12.389062E+0
12.200000E+0	0.000000E+0	50.000000E+0	3.173377E+0	44.850157E-3	12.557813E+0
12.300000E+0	0.000000E+0	50.000000E+0	3.538150E+0	4.297571E-3	12.628125E+0
12.400000E+0	0.000000E+0	50.000000E+0	4.553700E+0	-34.987747E-3	12.628125E+0
12.500000E+0	0.000000E+0	50.000000E+0	5.374627E+0	-45.125894E-3	12.628125E+0
12.600000E+0	0.000000E+0	50.000000E+0	6.923003E+0	-33.720479E-3	12.642188E+0
12.700000E+0	0.000000E+0	50.000000E+0	7.854481E+0	-19.780527E-3	12.656250E+0
12.800000E+0	0.000000E+0	50.000000E+0	7.854481E+0	-7.107844E-3	12.698438E+0
12.900000E+0	0.000000E+0	50.000000E+0	8.014811E+0	37.246547E-3	12.754688E+0
13.000000E+0	0.000000E+0	50.000000E+0	7.798185E+0	58.790109E-3	12.867187E+0
13.100000E+0	0.000000E+0	50.000000E+0	7.798185E+0	127.222597E-3	13.064063E+0
13.200000E+0	0.000000E+0	50.000000E+0	6.063820E+0	137.360743E-3	13.331250E+0
13.300000E+0	0.000000E+0	50.000000E+0	2.965617E+0	160.171573E-3	13.654687E+0
13.400000E+0	0.000000E+0	50.000000E+0	2.965617E+0	90.471816E-3	13.907813E+0
13.500000E+0	0.000000E+0	50.000000E+0	1.853661E+0	19.504791E-3	14.034375E+0
13.600000E+0	0.000000E+0	50.000000E+0	2.945212E+0	-18.513259E-3	14.034375E+0
13.700000E+0	0.000000E+0	50.000000E+0	3.821364E+0	-33.720479E-3	14.034375E+0
13.800000E+0	0.000000E+0	50.000000E+0	4.541819E+0	-38.789552E-3	14.034375E+0
13.900000E+0	0.000000E+0	50.000000E+0	5.203888E+0	-23.582332E-3	14.034375E+0
14.000000E+0	0.000000E+0	50.000000E+0	8.484683E+0	-3.306039E-3	14.034375E+0
14.100000E+0	0.000000E+0	50.000000E+0	8.944162E+0	38.513815E-3	14.076562E+0
14.200000E+0	0.000000E+0	50.000000E+0	8.620047E+0	60.057377E-3	14.189063E+0
14.300000E+0	0.000000E+0	50.000000E+0	8.620047E+0	151.300695E-3	14.371875E+0
14.400000E+0	0.000000E+0	50.000000E+0	5.926031E+0	200.724158E-3	14.681250E+0
14.500000E+0	0.000000E+0	50.000000E+0	5.926031E+0	174.111524E-3	14.976562E+0
14.600000E+0	0.000000E+0	50.000000E+0	3.383171E+0	68.928255E-3	15.173438E+0
14.700000E+0	0.000000E+0	50.000000E+0	3.879868E+0	-7.107844E-3	15.243750E+0
14.800000E+0	0.000000E+0	50.000000E+0	3.879868E+0	-18.513259E-3	15.243750E+0
14.900000E+0	0.000000E+0	50.000000E+0	5.444442E+0	-10.909649E-3	15.243750E+0
15.000000E+0	0.000000E+0	50.000000E+0	5.444442E+0	-13.444186E-3	15.243750E+0
15.100000E+0	0.000000E+0	50.000000E+0	6.917282E+0	-13.444186E-3	15.243750E+0
15.200000E+0	0.000000E+0	50.000000E+0	6.917282E+0	-17.245991E-3	15.243750E+0
15.300000E+0	0.000000E+0	50.000000E+0	7.535894E+0	-23.582332E-3	15.271875E+0
15.400000E+0	0.000000E+0	50.000000E+0	8.255326E+0	-771.502440E-6	15.300000E+0
15.500000E+0	0.000000E+0	50.000000E+0	8.255326E+0	11.901181E-3	15.356250E+0
15.600000E+0	0.000000E+0	50.000000E+0	8.039621E+0	72.730060E-3	15.468750E+0
15.700000E+0	0.000000E+0	50.000000E+0	6.517076E+0	129.757134E-3	15.651563E+0
15.800000E+0	0.000000E+0	50.000000E+0	6.517076E+0	151.300695E-3	15.890625E+0
15.900000E+0	0.000000E+0	50.000000E+0	4.424020E+0	85.402743E-3	16.115625E+0
16.000000E+0	0.000000E+0	50.000000E+0	4.424020E+0	35.979279E-3	16.228125E+0
16.100000E+0	0.000000E+0	50.000000E+0	4.119257E+0	-46.393162E-3	16.256250E+0
16.200000E+0	0.000000E+0	50.000000E+0	7.359577E+0	-36.255016E-3	16.256250E+0
16.300000E+0	0.000000E+0	50.000000E+0	8.301381E+0	19.504791E-3	16.284375E+0
16.400000E+0	0.000000E+0	50.000000E+0	8.476193E+0	35.979279E-3	16.354688E+0
16.500000E+0	0.000000E+0	50.000000E+0	8.476193E+0	84.135475E-3	16.481250E+0
16.600000E+0	0.000000E+0	50.000000E+0	7.388216E+0	99.342694E-3	16.650000E+0
16.700000E+0	0.000000E+0	50.000000E+0	5.725101E+0	106.946304E-3	16.832812E+0
16.800000E+0	0.000000E+0	50.000000E+0	5.725101E+0	118.351719E-3	17.057813E+0
16.900000E+0	0.000000E+0	50.000000E+0	4.302625E+0	67.660987E-3	17.240625E+0
17.000000E+0	0.000000E+0	50.000000E+0	4.016028E+0	-8.375112E-3	17.325000E+0
17.100000E+0	0.000000E+0	50.000000E+0	4.016028E+0	-45.125894E-3	17.339063E+0
17.200000E+0	0.000000E+0	50.000000E+0	5.038541E+0	-31.185942E-3	17.339063E+0
17.300000E+0	0.000000E+0	50.000000E+0	6.327383E+0	-37.522284E-3	17.339063E+0
17.400000E+0	0.000000E+0	50.000000E+0	7.843548E+0	-28.651406E-3	17.353125E+0
17.500000E+0	0.000000E+0	50.000000E+0	8.594687E+0	4.297571E-3	17.395312E+0
17.600000E+0	0.000000E+0	50.000000E+0	8.563203E+0	53.721035E-3	17.479688E+0
17.700000E+0	0.000000E+0	50.000000E+0	7.537245E+0	66.393718E-3	17.620313E+0
17.800000E+0	0.000000E+0	50.000000E+0	7.537245E+0	119.618987E-3	17.803125E+0
17.900000E+0	0.000000E+0	50.000000E+0	5.564300E+0	124.688060E-3	18.042188E+0
18.000000E+0	0.000000E+0	50.000000E+0	5.564300E+0	144.964353E-3	18.295313E+0
18.100000E+0	0.000000E+0	50.000000E+0	3.461261E+0	63.859182E-3	18.492187E+0
18.200000E+0	0.000000E+0	50.000000E+0	3.243503E+0	15.702986E-3	18.562500E+0
18.300000E+0	0.000000E+0	50.000000E+0	3.243503E+0	-34.987747E-3	18.562500E+0
18.400000E+0	0.000000E+0	50.000000E+0	4.194787E+0	-36.255016E-3	18.562500E+0
18.500000E+0	0.000000E+0	50.000000E+0	5.612222E+0	-28.651406E-3	18.562500E+0
18.600000E+0	0.000000E+0	50.000000E+0	6.393923E+0	-41.324089E-3	18.562500E+0
18.700000E+0	0.000000E+0	50.000000E+0	9.267717E+0	-7.107844E-3	18.562500E+0
18.800000E+0	0.000000E+0	50.000000E+0	9.527769E+0	27.108401E-3	18.590625E+0
18.900000E+0	0.000000E+0	50.000000E+0	9.144942E+0	71.462792E-3	18.675000E+0
19.000000E+0	0.000000E+0	50.000000E+0	9.144942E+0	118.351719E-3	18.843750E+0
19.100000E+0	0.000000E+0	50.000000E+0	7.085513E+0	160.171573E-3	19.096875E+0
19.200000E+0	0.000000E+0	50.000000E+0	7.085513E+0	215.931378E-3	19.420313E+0
19.300000E+0	0.000000E+0	50.000000E+0	3.496495E+0	146.231622E-3	19.743750E+0
19.400000E+0	0.000000E+0	50.000000E+0	2.321568E+0	49.919230E-3	19.926562E+0
19.500000E+0	0.000000E+0	50.000000E+0	3.121873E+0	-46.393162E-3	19.982813E+0
19.600000E+0	0.000000E+0	50.000000E+0	3.121873E+0	-14.711454E-3	19.982813E+0
19.700000E+0	0.000000E+0	50.000000E+0	4.493413E+0	-40.056821E-3	19.982813E+0
19.800000E+0	0.000000E+0	50.000000E+0	5.174317E+0	-40.056821E-3	19.982813E+0
19.900000E+0	0.000000E+0	50.000000E+0	5.923339E+0	-36.255016E-3	19.982813E+0
20.000000E+0	0.000000E+0	50.000000E+0	7.016509E+0	-33.720479E-3	19.996875E+0
20.100000E+0	0.000000E+0	50.000000E+0	7.661997E+0	-7.107844E-3	20.025000E+0
20.200000E+0	0.000000E+0	50.000000E+0	7.265630E+0	37.246547E-3	20.095313E+0
20.300000E+0	0.000000E+0	50.000000E+0	7.265630E+0	86.670011E-3	20.235938E+0
20.400000E+0	0.000000E+0	50.000000E+0	5.301771E+0	127.222597E-3	20.460937E+0
20.500000E+0	0.000000E+0	50.000000E+0	5.301771E+0	152.567963E-3	20.742187E+0
20.600000E+0	0.000000E+0	50.000000E+0	2.647912E+0	90.471816E-3	20.981250E+0
20.700000E+0	0.000000E+0	50.000000E+0	2.257876E+0	1.763034E-3	21.093750E+0
20.800000E+0	0.000000E+0	50.000000E+0	2.257876E+0	-41.324089E-3	21.107813E+0
20.900000E+0	0.000000E+0	50.000000E+0	3.800043E+0	-40.056821E-3	21.107813E+0
21.000000E+0	0.000000E+0	50.000000E+0	4.445332E+0	-43.858626E-3	21.107813E+0
21.100000E+0	0.000000E+0	50.000000E+0	4.445332E+0	-33.720479E-3	21.107813E+0
21.200000E+0	0.000000E+0	50.000000E+0	5.784566E+0	-38.789552E-3	21.107813E+0
21.300000E+0	0.000000E+0	50.000000E+0	6.488242E+0	-2.038771E-3	21.107813E+0
21.400000E+0	0.000000E+0	50.000000E+0	7.412870E+0	-4.573307E-3	21.121875E+0
21.500000E+0	0.000000E+0	50.000000E+0	7.412870E+0	-17.245991E-3	21.150000E+0
21.600000E+0	0.000000E+0	50.000000E+0	7.919533E+0	24.573864E-3	21.206250E+0
21.700000E+0	0.000000E+0	50.000000E+0	7.384017E+0	62.591913E-3	21.332812E+0
21.800000E+0	0.000000E+0	50.000000E+0	5.668165E+0	144.964353E-3	21.515625E+0
21.900000E+0	0.000000E+0	50.000000E+0	5.668165E+0	148.766158E-3	21.740625E+0
22.000000E+0	0.000000E+0	50.000000E+0	3.074238E+0	134.826207E-3	21.993750E+0
22.100000E+0	0.000000E+0	50.000000E+0	3.074238E+0	37.246547E-3	22.162500E+0
22.200000E+0	0.000000E+0	50.000000E+0	2.526885E+0	-36.255016E-3	22.232813E+0
22.300000E+0	0.000000E+0	50.000000E+0	3.211567E+0	-40.056821E-3	22.232813E+0
22.400000E+0	0.000000E+0	50.000000E+0	4.489302E+0	-7.107844E-3	22.232813E+0
22.500000E+0	0.000000E+0	50.000000E+0	6.435097E+0	-27.384137E-3	22.232813E+0
22.600000E+0	0.000000E+0	50.000000E+0	7.219931E+0	-21.047796E-3	22.246875E+0
22.700000E+0	0.000000E+0	50.000000E+0	7.247503E+0	-5.840576E-3	22.275000E+0
22.800000E+0	0.000000E+0	50.000000E+0	7.247503E+0	20.772059E-3	22.331250E+0
22.900000E+0	0.000000E+0	50.000000E+0	7.046154E+0	29.642937E-3	22.429687E+0
23.000000E+0	0.000000E+0	50.000000E+0	7.046154E+0	65.126450E-3	22.556250E+0
23.100000E+0	0.000000E+0	50.000000E+0	5.750285E+0	67.660987E-3	22.725000E+0
23.200000E+0	0.000000E+0	50.000000E+0	4.362003E+0	86.670011E-3	22.893750E+0
23.300000E+0	0.000000E+0	50.000000E+0	4.362003E+0	71.462792E-3	23.076563E+0
23.400000E+0	0.000000E+0	50.000000E+0	3.195220E+0	19.504791E-3	23.203125E+0
23.500000E+0	0.000000E+0	50.000000E+0	3.371365E+0	-40.056821E-3	23.245313E+0
23.600000E+0	0.000000E+0	50.000000E+0	3.371365E+0	-37.522284E-3	23.245313E+0
23.700000E+0	0.000000E+0	50.000000E+0	4.748475E+0	-22.315064E-3	23.245313E+0
23.800000E+0	0.000000E+0	50.000000E+0	5.471089E+0	-21.047796E-3	23.245313E+0
23.900000E+0	0.000000E+0	50.000000E+0	5.973719E+0	-32.453211E-3	23.259375E+0
24.000000E+0	0.000000E+0	50.000000E+0	6.485757E+0	-34.987747E-3	23.273437E+0
24.100000E+0	0.000000E+0	50.000000E+0	6.485757E+0	-13.444186E-3	23.315625E+0
24.200000E+0	0.000000E+0	50.000000E+0	6.341352E+0	24.573864E-3	23.371875E+0
24.300000E+0	0.000000E+0	50.000000E+0	6.341352E+0	-4.573307E-3	23.428125E+0
24.400000E+0	0.000000E+0	50.000000E+0	6.261380E+0	-5.840576E-3	23.484375E+0
24.500000E+0	0.000000E+0	50.000000E+0	6.185041E+0	13.168449E-3	23.526563E+0
24.600000E+0	0.000000E+0	50.000000E+0	6.185041E+0	-13.444186E-3	23.582812E+0
24.700000E+0	0.000000E+0	50.000000E+0	6.190510E+0	13.168449E-3	23.610938E+0
24.800000E+0	0.000000E+0	50.000000E+0	6.844581E+0	-771.502440E-6	23.653125E+0
24.900000E+0	0.000000E+0	50.000000E+0	6.647264E+0	4.297571E-3	23.709375E+0
25.000000E+0	0.000000E+0	50.000000E+0	6.647264E+0	42.315620E-3	23.793750E+0
25.100000E+0	0.000000E+0	50.000000E+0	5.815180E+0	51.186499E-3	23.920313E+0
25.200000E+0	0.000000E+0	50.000000E+0	5.815180E+0	54.988304E-3	24.046875E+0
25.300000E+0	0.000000E+0	50.000000E+0	4.498577E+0	63.859182E-3	24.187500E+0
25.400000E+0	0.000000E+0	50.000000E+0	3.615021E+0	58.790109E-3	24.328125E+0
25.500000E+0	0.000000E+0	50.000000E+0	3.615021E+0	32.177474E-3	24.412500E+0
25.600000E+0	0.000000E+0	50.000000E+0	3.836260E+0	-7.107844E-3	24.440625E+0
25.700000E+0	0.000000E+0	50.000000E+0	5.074943E+0	-24.849601E-3	24.440625E+0
25.800000E+0	0.000000E+0	50.000000E+0	7.342828E+0	-21.047796E-3	24.454688E+0
25.900000E+0	0.000000E+0	50.000000E+0	7.342828E+0	10.633912E-3	24.496875E+0
26.000000E+0	0.000000E+0	50.000000E+0	7.177144E+0	60.057377E-3	24.609375E+0
26.100000E+0	0.000000E+0	50.000000E+0	6.640080E+0	66.393718E-3	24.721875E+0
26.200000E+0	0.000000E+0	50.000000E+0	5.720288E+0	46.117425E-3	24.848437E+0
26.300000E+0	0.000000E+0	50.000000E+0	5.720288E+0	57.522840E-3	24.975000E+0
26.400000E+0	0.000000E+0	50.000000E+0	5.035412E+0	33.444742E-3	25.073438E+0
26.500000E+0	0.000000E+0	50.000000E+0	4.507927E+0	22.039327E-3	25.185938E+0
26.600000E+0	0.000000E+0	50.000000E+0	4.507927E+0	13.168449E-3	25.270312E+0
26.700000E+0	0.000000E+0	50.000000E+0	4.130493E+0	8.099376E-3	25.354688E+0
26.800000E+0	0.000000E+0	50.000000E+0	4.130493E+0	6.832107E-3	25.425000E+0
26.900000E+0	0.000000E+0	50.000000E+0	3.662567E+0	495.765883E-6	25.495313E+0
27.000000E+0	0.000000E+0	50.000000E+0	3.690083E+0	-23.582332E-3	25.537500E+0
27.100000E+0	0.000000E+0	50.000000E+0	3.690083E+0	-9.642381E-3	25.551562E+0
27.200000E+0	0.000000E+0	50.000000E+0	4.877644E+0	-29.918674E-3	25.551562E+0
27.300000E+0	0.000000E+0	50.000000E+0	5.541297E+0	-7.107844E-3	25.565625E+0
27.400000E+0	0.000000E+0	50.000000E+0	5.605129E+0	4.297571E-3	25.593750E+0
27.500000E+0	0.000000E+0	50.000000E+0	5.605129E+0	4.297571E-3	25.635938E+0
27.600000E+0	0.000000E+0	50.000000E+0	5.757658E+0	19.504791E-3	25.678125E+0
27.700000E+0	0.000000E+0	50.000000E+0	5.757658E+0	15.702986E-3	25.734375E+0
27.800000E+0	0.000000E+0	50.000000E+0	5.704216E+0	4.297571E-3	25.790625E+0
27.900000E+0	0.000000E+0	50.000000E+0	5.608164E+0	8.099376E-3	25.846875E+0
28.000000E+0	0.000000E+0	50.000000E+0	5.608164E+0	-9.642381E-3	25.875000E+0
28.100000E+0	0.000000E+0	50.000000E+0	5.722168E+0	-24.849601E-3	25.903125E+0
28.200000E+0	0.000000E+0	50.000000E+0	6.378055E+0	8.099376E-3	25.917188E+0
28.300000E+0	0.000000E+0	50.000000E+0	6.628744E+0	-9.642381E-3	25.959375E+0
28.400000E+0	0.000000E+0	50.000000E+0	6.628744E+0	11.901181E-3	26.001563E+0
28.500000E+0	0.000000E+0	50.000000E+0	6.417289E+0	18.237522E-3	26.071875E+0
28.600000E+0	0.000000E+0	50.000000E+0	5.738563E+0	30.910206E-3	26.170313E+0
28.700000E+0	0.000000E+0	50.000000E+0	5.738563E+0	41.048352E-3	26.282813E+0
28.800000E+0	0.000000E+0	50.000000E+0	4.683009E+0	52.453767E-3	26.409375E+0
28.900000E+0	0.000000E+0	50.000000E+0	4.016323E+0	46.117425E-3	26.521875E+0
29.000000E+0	0.000000E+0	50.000000E+0	4.016323E+0	47.384694E-3	26.648437E+0
29.100000E+0	0.000000E+0	50.000000E+0	3.208873E+0	53.721035E-3	26.760938E+0
29.200000E+0	0.000000E+0	50.000000E+0	3.208873E+0	-22.315064E-3	26.817187E+0
29.300000E+0	0.000000E+0	50.000000E+0	3.343182E+0	-42.591357E-3	26.817187E+0
29.400000E+0	0.000000E+0	50.000000E+0	4.419693E+0	-23.582332E-3	26.817187E+0
29.500000E+0	0.000000E+0	50.000000E+0	4.953083E+0	-9.642381E-3	26.817187E+0
29.600000E+0	0.000000E+0	50.000000E+0	5.642171E+0	-38.789552E-3	26.817187E+0
29.700000E+0	0.000000E+0	50.000000E+0	6.450043E+0	-9.642381E-3	26.831250E+0
29.800000E+0	0.000000E+0	50.000000E+0	6.957748E+0	-19.780527E-3	26.845313E+0
29.900000E+0	0.000000E+0	50.000000E+0	6.957748E+0	6.832107E-3	26.887500E+0
30.000000E+0	0.000000E+0	50.000000E+0	6.863565E+0	22.039327E-3	26.971875E+0
30.100000E+0	0.000000E+0	50.000000E+0	6.022321E+0	16.970254E-3	27.056250E+0
30.200000E+0	0.000000E+0	50.000000E+0	6.022321E+0	33.444742E-3	27.126563E+0
30.300000E+0	0.000000E+0	50.000000E+0	5.919473E+0	32.177474E-3	27.182813E+0
30.400000E+0	0.000000E+0	50.000000E+0	5.800474E+0	16.970254E-3	27.253125E+0
30.500000E+0	0.000000E+0	50.000000E+0	5.800474E+0	44.850157E-3	27.323438E+0
30.600000E+0	0.000000E+0	50.000000E+0	5.307360E+0	30.910206E-3	27.435938E+0
30.700000E+0	0.000000E+0	50.000000E+0	5.307360E+0	44.850157E-3	27.562500E+0
30.800000E+0	0.000000E+0	50.000000E+0	3.919602E+0	46.117425E-3	27.717188E+0
30.900000E+0	0.000000E+0	50.000000E+0	2.816855E+0	53.721035E-3	27.857813E+0
31.000000E+0	0.000000E+0	50.000000E+0	2.816855E+0	29.642937E-3	27.956250E+0
31.100000E+0	0.000000E+0	50.000000E+0	2.639265E+0	-38.789552E-3	27.998438E+0
31.200000E+0	0.000000E+0	50.000000E+0	3.149632E+0	-36.255016E-3	27.998438E+0
31.300000E+0	0.000000E+0	50.000000E+0	3.762886E+0	-31.185942E-3	27.998438E+0
31.400000E+0	0.000000E+0	50.000000E+0	4.862890E+0	-40.056821E-3	27.998438E+0
31.500000E+0	0.000000E+0	50.000000E+0	6.615267E+0	-15.978722E-3	27.998438E+0
31.600000E+0	0.000000E+0	50.000000E+0	6.743730E+0	39.781084E-3	28.054687E+0
31.700000E+0	0.000000E+0	50.000000E+0	6.263759E+0	38.513815E-3	28.139063E+0
31.800000E+0	0.000000E+0	50.000000E+0	6.263759E+0	44.850157E-3	28.251563E+0
31.900000E+0	0.000000E+0	50.000000E+0	5.643219E+0	34.712011E-3	28.350000E+0
32.000000E+0	0.000000E+0	50.000000E+0	5.500424E+0	15.702986E-3	28.420313E+0
32.100000E+0	0.000000E+0	50.000000E+0	5.500424E+0	-8.375112E-3	28.476562E+0
32.200000E+0	0.000000E+0	50.000000E+0	5.572612E+0	-7.107844E-3	28.504687E+0
32.300000E+0	0.000000E+0	50.000000E+0	5.709213E+0	-5.840576E-3	28.532813E+0
32.400000E+0	0.000000E+0	50.000000E+0	5.709213E+0	-37.522284E-3	28.532813E+0
32.500000E+0	0.000000E+0	50.000000E+0	6.862476E+0	-28.651406E-3	28.532813E+0
32.600000E+0	0.000000E+0	50.000000E+0	7.078023E+0	11.901181E-3	28.560938E+0
32.700000E+0	0.000000E+0	50.000000E+0	7.078023E+0	34.712011E-3	28.603125E+0
32.800000E+0	0.000000E+0	50.000000E+0	6.537748E+0	79.066401E-3	28.701563E+0
32.900000E+0	0.000000E+0	50.000000E+0	5.150063E+0	79.066401E-3	28.856250E+0
33.000000E+0	0.000000E+0	50.000000E+0	5.150063E+0	89.204548E-3	29.025000E+0
33.100000E+0	0.000000E+0	50.000000E+0	3.607422E+0	84.135475E-3	29.193750E+0
33.200000E+0	0.000000E+0	50.000000E+0	3.607422E+0	18.237522E-3	29.278125E+0
33.300000E+0	0.000000E+0	50.000000E+0	3.653075E+0	-12.176917E-3	29.278125E+0
33.400000E+0	0.000000E+0	50.000000E+0	4.275810E+0	-13.444186E-3	29.278125E+0
33.500000E+0	0.000000E+0	50.000000E+0	5.326659E+0	-17.245991E-3	29.278125E+0
33.600000E+0	0.000000E+0	50.000000E+0	5.822890E+0	-28.651406E-3	29.278125E+0
33.700000E+0	0.000000E+0	50.000000E+0	6.795890E+0	-40.056821E-3	29.278125E+0
33.800000E+0	0.000000E+0	50.000000E+0	7.272659E+0	-18.513259E-3	29.292188E+0
33.900000E+0	0.000000E+0	50.000000E+0	7.387310E+0	1.763034E-3	29.334375E+0
34.000000E+0	0.000000E+0	50.000000E+0	7.318186E+0	-17.245991E-3	29.376563E+0
34.100000E+0	0.000000E+0	50.000000E+0	7.318186E+0	-22.315064E-3	29.404688E+0
34.200000E+0	0.000000E+0	50.000000E+0	7.453865E+0	-10.909649E-3	29.418750E+0
34.300000E+0	0.000000E+0	50.000000E+0	9.039894E+0	-34.987747E-3	29.418750E+0
34.400000E+0	0.000000E+0	50.000000E+0	9.523159E+0	-5.840576E-3	29.432813E+0
34.500000E+0	0.000000E+0	50.000000E+0	9.391296E+0	28.375669E-3	29.475000E+0
34.600000E+0	0.000000E+0	50.000000E+0	9.391296E+0	62.591913E-3	29.587500E+0
34.700000E+0	0.000000E+0	50.000000E+0	8.203388E+0	76.531865E-3	29.756250E+0
34.800000E+0	0.000000E+0	50.000000E+0	6.330137E+0	115.817182E-3	29.967188E+0
34.900000E+0	0.000000E+0	50.000000E+0	6.330137E+0	115.817182E-3	30.206250E+0
35.000000E+0	0.000000E+0	50.000000E+0	3.850291E+0	84.135475E-3	30.417188E+0
35.100000E+0	0.000000E+0	50.000000E+0	3.551814E+0	-7.107844E-3	30.515625E+0
35.200000E+0	0.000000E+0	50.000000E+0	3.551814E+0	-38.789552E-3	30.515625E+0
35.300000E+0	0.000000E+0	50.000000E+0	4.691684E+0	-37.522284E-3	30.529688E+0
35.400000E+0	0.000000E+0	50.000000E+0	4.691684E+0	-12.176917E-3	30.529688E+0
35.500000E+0	0.000000E+0	50.000000E+0	5.104888E+0	-40.056821E-3	30.529688E+0
35.600000E+0	0.000000E+0	50.000000E+0	5.932716E+0	-29.918674E-3	30.529688E+0
35.700000E+0	0.000000E+0	50.000000E+0	6.234722E+0	-31.185942E-3	30.529688E+0
35.800000E+0	0.000000E+0	50.000000E+0	6.234722E+0	-32.453211E-3	30.543750E+0
35.900000E+0	0.000000E+0	50.000000E+0	6.715720E+0	-28.651406E-3	30.543750E+0
36.000000E+0	0.000000E+0	50.000000E+0	7.591557E+0	-17.245991E-3	30.557813E+0
36.100000E+0	0.000000E+0	50.000000E+0	7.554415E+0	23.306596E-3	30.614062E+0
36.200000E+0	0.000000E+0	50.000000E+0	7.554415E+0	38.513815E-3	30.670313E+0
36.300000E+0	0.000000E+0	50.000000E+0	6.766704E+0	19.504791E-3	30.754687E+0
36.400000E+0	0.000000E+0	50.000000E+0	6.638120E+0	1.763034E-3	30.825000E+0
36.500000E+0	0.000000E+0	50.000000E+0	6.638120E+0	-21.047796E-3	30.881250E+0
36.600000E+0	0.000000E+0	50.000000E+0	6.386342E+0	-45.125894E-3	30.923438E+0
36.700000E+0	0.000000E+0	50.000000E+0	6.386342E+0	-2.038771E-3	30.951563E+0
36.800000E+0	0.000000E+0	50.000000E+0	6.613259E+0	-13.444186E-3	30.951563E+0
36.900000E+0	0.000000E+0	50.000000E+0	7.109912E+0	-27.384137E-3	30.965625E+0
37.000000E+0	0.000000E+0	50.000000E+0	7.503355E+0	23.306596E-3	30.993750E+0
37.100000E+0	0.000000E+0	50.000000E+0	7.074926E+0	30.910206E-3	31.078125E+0
37.200000E+0	0.000000E+0	50.000000E+0	6.303987E+0	82.868206E-3	31.176562E+0
37.300000E+0	0.000000E+0	50.000000E+0	6.303987E+0	81.600938E-3	31.359375E+0
37.400000E+0	0.000000E+0	50.000000E+0	4.421927E+0	75.264597E-3	31.528125E+0
37.500000E+0	0.000000E+0	50.000000E+0	4.421927E+0	-771.502440E-6	31.640625E+0
37.600000E+0	0.000000E+0	50.000000E+0	3.962752E+0	-37.522284E-3	31.654688E+0
37.700000E+0	0.000000E+0	50.000000E+0	4.671198E+0	-19.780527E-3	31.654688E+0
37.800000E+0	0.000000E+0	50.000000E+0	6.437402E+0	-34.987747E-3	31.654688E+0
37.900000E+0	0.000000E+0	50.000000E+0	6.878953E+0	-32.453211E-3	31.654688E+0
38.000000E+0	0.000000E+0	50.000000E+0	7.242656E+0	-12.176917E-3	31.682813E+0
38.100000E+0	0.000000E+0	50.000000E+0	7.185853E+0	-4.573307E-3	31.725000E+0
38.200000E+0	0.000000E+0	50.000000E+0	6.586989E+0	28.375669E-3	31.795313E+0
38.300000E+0	0.000000E+0	50.000000E+0	6.586989E+0	-7.107844E-3	31.837500E+0
38.400000E+0	0.000000E+0	50.000000E+0	6.810917E+0	-22.315064E-3	31.865625E+0
38.500000E+0	0.000000E+0	50.000000E+0	6.866034E+0	-771.502440E-6	31.907813E+0
38.600000E+0	0.000000E+0	50.000000E+0	6.866034E+0	-17.245991E-3	31.935938E+0
38.700000E+0	0.000000E+0	50.000000E+0	7.054672E+0	-14.711454E-3	31.978125E+0
38.800000E+0	0.000000E+0	50.000000E+0	7.002570E+0	-23.582332E-3	32.020313E+0
38.900000E+0	0.000000E+0	50.000000E+0	7.002570E+0	15.702986E-3	32.104688E+0
39.000000E+0	0.000000E+0	50.000000E+0	5.810007E+0	52.453767E-3	32.203125E+0
39.100000E+0	0.000000E+0	50.000000E+0	5.810007E+0	23.306596E-3	32.301563E+0
39.200000E+0	0.000000E+0	50.000000E+0	5.402428E+0	46.117425E-3	32.414062E+0
39.300000E+0	0.000000E+0	50.000000E+0	4.283008E+0	57.522840E-3	32.526563E+0
39.400000E+0	0.000000E+0	50.000000E+0	4.283008E+0	4.297571E-3	32.625000E+0
39.500000E+0	0.000000E+0	50.000000E+0	3.881550E+0	-2.038771E-3	32.667188E+0
39.600000E+0	0.000000E+0	50.000000E+0	4.117326E+0	-17.245991E-3	32.681250E+0
39.700000E+0	0.000000E+0	50.000000E+0	4.574182E+0	-29.918674E-3	32.681250E+0
39.800000E+0	0.000000E+0	50.000000E+0	5.099156E+0	-21.047796E-3	32.681250E+0
39.900000E+0	0.000000E+0	50.000000E+0	6.177792E+0	-23.582332E-3	32.681250E+0
40.000000E+0	0.000000E+0	50.000000E+0	6.657437E+0	4.297571E-3	32.695312E+0
40.100000E+0	0.000000E+0	50.000000E+0	7.055584E+0	-10.909649E-3	32.723438E+0
40.200000E+0	0.000000E+0	50.000000E+0	7.241410E+0	-771.502440E-6	32.779688E+0
40.300000E+0	0.000000E+0	50.000000E+0	6.945305E+0	-12.176917E-3	32.835937E+0
40.400000E+0	0.000000E+0	50.000000E+0	6.945305E+0	13.168449E-3	32.892187E+0
40.500000E+0	0.000000E+0	50.000000E+0	6.940937E+0	-4.573307E-3	32.920313E+0
40.600000E+0	0.000000E+0	50.000000E+0	6.940937E+0	-9.642381E-3	32.920313E+0
40.700000E+0	0.000000E+0	50.000000E+0	7.104516E+0	-22.315064E-3	32.920313E+0
40.800000E+0	0.000000E+0	50.000000E+0	7.608359E+0	-21.047796E-3	32.934375E+0
40.900000E+0	0.000000E+0	50.000000E+0	7.757727E+0	-18.513259E-3	32.948438E+0
41.000000E+0	0.000000E+0	50.000000E+0	8.066625E+0	-17.245991E-3	32.976562E+0
41.100000E+0	0.000000E+0	50.000000E+0	8.388762E+0	14.435717E-3	33.004688E+0
41.200000E+0	0.000000E+0	50.000000E+0	8.388762E+0	10.633912E-3	33.046875E+0
41.300000E+0	0.000000E+0	50.000000E+0	7.801124E+0	67.660987E-3	33.145313E+0
41.400000E+0	0.000000E+0	50.000000E+0	6.557189E+0	66.393718E-3	33.285938E+0
41.500000E+0	0.000000E+0	50.000000E+0	6.557189E+0	72.730060E-3	33.440625E+0
41.600000E+0	0.000000E+0	50.000000E+0	4.890307E+0	79.066401E-3	33.609375E+0
41.700000E+0	0.000000E+0	50.000000E+0	3.260358E+0	91.739085E-3	33.778125E+0
41.800000E+0	0.000000E+0	50.000000E+0	3.260358E+0	34.712011E-3	33.918750E+0
41.900000E+0	0.000000E+0	50.000000E+0	2.879876E+0	-7.107844E-3	33.960937E+0
42.000000E+0	0.000000E+0	50.000000E+0	3.346214E+0	-10.909649E-3	33.960937E+0
42.100000E+0	0.000000E+0	50.000000E+0	4.638185E+0	-37.522284E-3	33.960937E+0
42.200000E+0	0.000000E+0	50.000000E+0	5.065598E+0	-24.849601E-3	33.960937E+0
42.300000E+0	0.000000E+0	50.000000E+0	5.667417E+0	-27.384137E-3	33.960937E+0
42.400000E+0	0.000000E+0	50.000000E+0	6.036443E+0	-32.453211E-3	33.975000E+0
42.500000E+0	0.000000E+0	50.000000E+0	6.370377E+0	-23.582332E-3	33.989063E+0
42.600000E+0	0.000000E+0	50.000000E+0	6.415887E+0	-24.849601E-3	34.003125E+0
42.700000E+0	0.000000E+0	50.000000E+0	6.415887E+0	-5.840576E-3	34.017187E+0
42.800000E+0	0.000000E+0	50.000000E+0	6.641808E+0	-28.651406E-3	34.031250E+0
42.900000E+0	0.000000E+0	50.000000E+0	7.176428E+0	-15.978722E-3	34.031250E+0
43.000000E+0	0.000000E+0	50.000000E+0	7.176428E+0	-10.909649E-3	34.045313E+0
43.100000E+0	0.000000E+0	50.000000E+0	7.269298E+0	-26.116869E-3	34.073438E+0
43.200000E+0	0.000000E+0	50.000000E+0	7.269298E+0	-32.453211E-3	34.087500E+0
43.300000E+0	0.000000E+0	50.000000E+0	7.672917E+0	4.297571E-3	34.101562E+0
43.400000E+0	0.000000E+0	50.000000E+0	7.783955E+0	-19.780527E-3	34.129688E+0
43.500000E+0	0.000000E+0	50.000000E+0	7.787305E+0	-24.849601E-3	34.143750E+0
43.600000E+0	0.000000E+0	50.000000E+0	8.097570E+0	-29.918674E-3	34.157812E+0
43.700000E+0	0.000000E+0	50.000000E+0	8.349126E+0	1.763034E-3	34.171875E+0
43.800000E+0	0.000000E+0	50.000000E+0	8.487416E+0	-2.038771E-3	34.200000E+0
43.900000E+0	0.000000E+0	50.000000E+0	8.487416E+0	8.099376E-3	34.242187E+0
44.000000E+0	0.000000E+0	50.000000E+0	8.153831E+0	46.117425E-3	34.312500E+0
44.100000E+0	0.000000E+0	50.000000E+0	8.153831E+0	79.066401E-3	34.425000E+0
44.200000E+0	0.000000E+0	50.000000E+0	6.848723E+0	73.997328E-3	34.579687E+0
44.300000E+0	0.000000E+0	50.000000E+0	4.678956E+0	120.886256E-3	34.790625E+0
44.400000E+0	0.000000E+0	50.000000E+0	4.678956E+0	123.420792E-3	35.043750E+0
44.500000E+0	0.000000E+0	50.000000E+0	2.042661E+0	81.600938E-3	35.268750E+0
44.600000E+0	0.000000E+0	50.000000E+0	1.754908E+0	-9.642381E-3	35.367187E+0
44.700000E+0	0.000000E+0	50.000000E+0	1.754908E+0	-36.255016E-3	35.381250E+0
44.800000E+0	0.000000E+0	50.000000E+0	2.221916E+0	-8.375112E-3	35.381250E+0
44.900000E+0	0.000000E+0	50.000000E+0	3.211498E+0	-37.522284E-3	35.381250E+0
45.000000E+0	0.000000E+0	50.000000E+0	3.547846E+0	-36.255016E-3	35.381250E+0
45.100000E+0	0.000000E+0	50.000000E+0	4.576353E+0	-38.789552E-3	35.381250E+0
45.200000E+0	0.000000E+0	50.000000E+0	5.351851E+0	-9.642381E-3	35.381250E+0
45.300000E+0	0.000000E+0	50.000000E+0	6.248363E+0	-38.789552E-3	35.381250E+0
45.400000E+0	0.000000E+0	50.000000E+0	7.545100E+0	-31.185942E-3	35.381250E+0
45.500000E+0	0.000000E+0	50.000000E+0	7.700389E+0	-23.582332E-3	35.395313E+0
45.600000E+0	0.000000E+0	50.000000E+0	7.576985E+0	10.633912E-3	35.423437E+0
45.700000E+0	0.000000E+0	50.000000E+0	7.576985E+0	-5.840576E-3	35.465625E+0
45.800000E+0	0.000000E+0	50.000000E+0	7.493621E+0	41.048352E-3	35.521875E+0
45.900000E+0	0.000000E+0	50.000000E+0	7.493621E+0	58.790109E-3	35.606250E+0
46.000000E+0	0.000000E+0	50.000000E+0	6.347646E+0	84.135475E-3	35.718750E+0
46.100000E+0	0.000000E+0	50.000000E+0	4.935392E+0	104.411768E-3	35.873438E+0
46.200000E+0	0.000000E+0	50.000000E+0	4.935392E+0	95.540889E-3	36.042188E+0
46.300000E+0	0.000000E+0	50.000000E+0	3.335158E+0	77.799133E-3	36.210937E+0
46.400000E+0	0.000000E+0	50.000000E+0	3.335158E+0	43.582889E-3	36.337500E+0
46.500000E+0	0.000000E+0	50.000000E+0	2.089150E+0	-28.651406E-3	36.393750E+0
46.600000E+0	0.000000E+0	50.000000E+0	3.597104E+0	-23.582332E-3	36.393750E+0
46.700000E+0	0.000000E+0	50.000000E+0	3.803114E+0	-40.056821E-3	36.393750E+0
46.800000E+0	0.000000E+0	50.000000E+0	4.359444E+0	-43.858626E-3	36.393750E+0
46.900000E+0	0.000000E+0	50.000000E+0	5.103980E+0	-38.789552E-3	36.393750E+0
47.000000E+0	0.000000E+0	50.000000E+0	5.597682E+0	-9.642381E-3	36.407812E+0
47.100000E+0	0.000000E+0	50.000000E+0	5.910411E+0	-9.642381E-3	36.421875E+0
47.200000E+0	0.000000E+0	50.000000E+0	6.246434E+0	-19.780527E-3	36.450000E+0
47.300000E+0	0.000000E+0	50.000000E+0	5.863795E+0	10.633912E-3	36.478125E+0
47.400000E+0	0.000000E+0	50.000000E+0	5.863795E+0	-10.909649E-3	36.506250E+0
47.500000E+0	0.000000E+0	50.000000E+0	5.762065E+0	-12.176917E-3	36.548437E+0
47.600000E+0	0.000000E+0	50.000000E+0	5.762065E+0	-21.047796E-3	36.590625E+0
47.700000E+0	0.000000E+0	50.000000E+0	5.902318E+0	11.901181E-3	36.618750E+0
47.800000E+0	0.000000E+0	50.000000E+0	5.862285E+0	-24.849601E-3	36.646875E+0
47.900000E+0	0.000000E+0	50.000000E+0	5.862285E+0	-18.513259E-3	36.646875E+0
48.000000E+0	0.000000E+0	50.000000E+0	6.480898E+0	-27.384137E-3	36.646875E+0
48.100000E+0	0.000000E+0	50.000000E+0	6.480898E+0	-41.324089E-3	36.660938E+0
48.200000E+0	0.000000E+0	50.000000E+0	6.733572E+0	-5.840576E-3	36.660938E+0
48.300000E+0	0.000000E+0	50.000000E+0	6.752375E+0	5.564839E-3	36.675000E+0
48.400000E+0	0.000000E+0	50.000000E+0	6.901192E+0	20.772059E-3	36.717188E+0
48.500000E+0	0.000000E+0	50.000000E+0	6.901192E+0	32.177474E-3	36.773437E+0
48.600000E+0	0.000000E+0	50.000000E+0	6.309493E+0	19.504791E-3	36.857813E+0
48.700000E+0	0.000000E+0	50.000000E+0	5.250201E+0	47.384694E-3	36.942188E+0
48.800000E+0	0.000000E+0	50.000000E+0	5.250201E+0	27.108401E-3	37.040625E+0
48.900000E+0	0.000000E+0	50.000000E+0	4.312110E+0	10.633912E-3	37.139063E+0
49.000000E+0	0.000000E+0	50.000000E+0	4.312110E+0	10.633912E-3	37.209375E+0
49.100000E+0	0.000000E+0	50.000000E+0	4.211147E+0	-17.245991E-3	37.251562E+0
49.200000E+0	0.000000E+0	50.000000E+0	4.043613E+0	-9.642381E-3	37.279688E+0
49.300000E+0	0.000000E+0	50.000000E+0	4.043613E+0	495.765883E-6	37.307813E+0
49.400000E+0	0.000000E+0	50.000000E+0	4.269928E+0	-26.116869E-3	37.321875E+0
49.500000E+0	0.000000E+0	50.000000E+0	4.477878E+0	-2.038771E-3	37.350000E+0
49.600000E+0	0.000000E+0	50.000000E+0	4.377941E+0	-19.780527E-3	37.378125E+0
49.700000E+0	0.000000E+0	50.000000E+0	4.377941E+0	-13.444186E-3	37.420313E+0
49.800000E+0	0.000000E+0	50.000000E+0	4.259659E+0	4.297571E-3	37.448438E+0
49.900000E+0	0.000000E+0	50.000000E+0	4.259659E+0	-21.047796E-3	37.462500E+0
50.000000E+0	0.000000E+0	50.000000E+0	4.640542E+0	-37.522284E-3	37.462500E+0
50.100000E+0	0.000000E+0	50.000000E+0	4.640542E+0	-14.711454E-3	37.462500E+0
50.200000E+0	0.000000E+0	50.000000E+0	4.777139E+0	-34.987747E-3	37.476562E+0
50.300000E+0	0.000000E+0	50.000000E+0	5.133433E+0	-5.840576E-3	37.490625E+0
50.400000E+0	0.000000E+0	50.000000E+0	5.421249E+0	14.435717E-3	37.518750E+0
50.500000E+0	0.000000E+0	50.000000E+0	5.424795E+0	-15.978722E-3	37.560938E+0
50.600000E+0	0.000000E+0	50.000000E+0	5.424795E+0	-15.978722E-3	37.589063E+0
50.700000E+0	0.000000E+0	50.000000E+0	5.390534E+0	-7.107844E-3	37.603125E+0
50.800000E+0	0.000000E+0	50.000000E+0	5.644823E+0	-27.384137E-3	37.617187E+0
50.900000E+0	0.000000E+0	50.000000E+0	5.735105E+0	-32.453211E-3	37.617187E+0
51.000000E+0	0.000000E+0	50.000000E+0	6.981762E+0	-38.789552E-3	37.617187E+0
51.100000E+0	0.000000E+0	50.000000E+0	7.315322E+0	14.435717E-3	37.645313E+0
51.200000E+0	0.000000E+0	50.000000E+0	6.700829E+0	30.910206E-3	37.715625E+0
51.300000E+0	0.000000E+0	50.000000E+0	6.700829E+0	33.444742E-3	37.814062E+0
51.400000E+0	0.000000E+0	50.000000E+0	5.829661E+0	18.237522E-3	37.898437E+0
51.500000E+0	0.000000E+0	50.000000E+0	5.556499E+0	-15.978722E-3	37.940625E+0
51.600000E+0	0.000000E+0	50.000000E+0	5.556499E+0	-27.384137E-3	37.968750E+0
51.700000E+0	0.000000E+0	50.000000E+0	5.757876E+0	-9.642381E-3	37.982813E+0
51.800000E+0	0.000000E+0	50.000000E+0	6.194086E+0	-23.582332E-3	37.982813E+0
51.900000E+0	0.000000E+0	50.000000E+0	6.194086E+0	-13.444186E-3	37.982813E+0
52.000000E+0	0.000000E+0	50.000000E+0	6.519233E+0	-33.720479E-3	37.982813E+0
52.100000E+0	0.000000E+0	50.000000E+0	6.861963E+0	-27.384137E-3	37.996875E+0
52.200000E+0	0.000000E+0	50.000000E+0	6.737089E+0	-5.840576E-3	38.025000E+0
52.300000E+0	0.000000E+0	50.000000E+0	6.664054E+0	-5.840576E-3	38.081250E+0
52.400000E+0	0.000000E+0	50.000000E+0	6.664054E+0	43.582889E-3	38.137500E+0
52.500000E+0	0.000000E+0	50.000000E+0	5.830718E+0	22.039327E-3	38.221875E+0
52.600000E+0	0.000000E+0	50.000000E+0	5.830718E+0	41.048352E-3	38.306250E+0
52.700000E+0	0.000000E+0	50.000000E+0	5.051114E+0	18.237522E-3	38.404688E+0
52.800000E+0	0.000000E+0	50.000000E+0	4.741266E+0	42.315620E-3	38.475000E+0
52.900000E+0	0.000000E+0	50.000000E+0	4.741266E+0	29.642937E-3	38.545313E+0
53.000000E+0	0.000000E+0	50.000000E+0	4.064624E+0	46.117425E-3	38.629688E+0
53.100000E+0	0.000000E+0	50.000000E+0	3.751343E+0	-10.909649E-3	38.685938E+0
53.200000E+0	0.000000E+0	50.000000E+0	3.751343E+0	-10.909649E-3	38.714063E+0
53.300000E+0	0.000000E+0	50.000000E+0	3.813546E+0	-37.522284E-3	38.714063E+0
53.400000E+0	0.000000E+0	50.000000E+0	4.313418E+0	-38.789552E-3	38.714063E+0
53.500000E+0	0.000000E+0	50.000000E+0	4.313418E+0	-10.909649E-3	38.714063E+0
53.600000E+0	0.000000E+0	50.000000E+0	4.842483E+0	-5.840576E-3	38.714063E+0
53.700000E+0	0.000000E+0	50.000000E+0	4.930822E+0	-13.444186E-3	38.728125E+0
53.800000E+0	0.000000E+0	50.000000E+0	4.930822E+0	-33.720479E-3	38.742187E+0
53.900000E+0	0.000000E+0	50.000000E+0	5.149173E+0	-33.720479E-3	38.756250E+0
54.000000E+0	0.000000E+0	50.000000E+0	5.061381E+0	-15.978722E-3	38.770313E+0
54.100000E+0	0.000000E+0	50.000000E+0	5.226274E+0	-4.573307E-3	38.784375E+0
54.200000E+0	0.000000E+0	50.000000E+0	5.226274E+0	-31.185942E-3	38.784375E+0
54.300000E+0	0.000000E+0	50.000000E+0	5.575735E+0	-23.582332E-3	38.798437E+0
54.400000E+0	0.000000E+0	50.000000E+0	5.545359E+0	-15.978722E-3	38.826563E+0
54.500000E+0	0.000000E+0	50.000000E+0	5.419113E+0	-9.642381E-3	38.868750E+0
54.600000E+0	0.000000E+0	50.000000E+0	5.419113E+0	1.763034E-3	38.896875E+0
54.700000E+0	0.000000E+0	50.000000E+0	5.595304E+0	3.030303E-3	38.910938E+0
54.800000E+0	0.000000E+0	50.000000E+0	5.375705E+0	-4.573307E-3	38.939062E+0
54.900000E+0	0.000000E+0	50.000000E+0	5.375705E+0	-18.513259E-3	38.953125E+0
55.000000E+0	0.000000E+0	50.000000E+0	5.585371E+0	-7.107844E-3	38.953125E+0
55.100000E+0	0.000000E+0	50.000000E+0	5.658478E+0	-33.720479E-3	38.967188E+0
55.200000E+0	0.000000E+0	50.000000E+0	6.062119E+0	-27.384137E-3	38.981250E+0
55.300000E+0	0.000000E+0	50.000000E+0	6.115117E+0	4.297571E-3	39.009375E+0
55.400000E+0	0.000000E+0	50.000000E+0	6.080212E+0	-21.047796E-3	39.023437E+0
55.500000E+0	0.000000E+0	50.000000E+0	6.512076E+0	-21.047796E-3	39.037500E+0
55.600000E+0	0.000000E+0	50.000000E+0	6.512076E+0	-9.642381E-3	39.065625E+0
55.700000E+0	0.000000E+0	50.000000E+0	5.962539E+0	-5.840576E-3	39.107813E+0
55.800000E+0	0.000000E+0	50.000000E+0	6.011204E+0	1.763034E-3	39.121875E+0
55.900000E+0	0.000000E+0	50.000000E+0	6.011204E+0	495.765883E-6	39.150000E+0
56.000000E+0	0.000000E+0	50.000000E+0	6.269151E+0	-19.780527E-3	39.164062E+0
56.100000E+0	0.000000E+0	50.000000E+0	6.405847E+0	-13.444186E-3	39.178125E+0
56.200000E+0	0.000000E+0	50.000000E+0	6.370890E+0	-2.038771E-3	39.206250E+0
56.300000E+0	0.000000E+0	50.000000E+0	6.370890E+0	8.099376E-3	39.248438E+0
56.400000E+0	0.000000E+0	50.000000E+0	6.196984E+0	-8.375112E-3	39.290625E+0
56.500000E+0	0.000000E+0	50.000000E+0	5.850455E+0	25.841132E-3	39.332813E+0
56.600000E+0	0.000000E+0	50.000000E+0	5.850455E+0	25.841132E-3	39.403125E+0
56.700000E+0	0.000000E+0	50.000000E+0	5.091534E+0	4.297571E-3	39.473438E+0
56.800000E+0	0.000000E+0	50.000000E+0	4.626113E+0	495.765883E-6	39.529688E+0
56.900000E+0	0.000000E+0	50.000000E+0	4.626113E+0	-9.642381E-3	39.585937E+0
57.000000E+0	0.000000E+0	50.000000E+0	4.471567E+0	-13.444186E-3	39.628125E+0
57.100000E+0	0.000000E+0	50.000000E+0	4.471567E+0	495.765883E-6	39.670313E+0
57.200000E+0	0.000000E+0	50.000000E+0	4.356071E+0	8.099376E-3	39.698438E+0
57.300000E+0	0.000000E+0	50.000000E+0	4.108946E+0	3.030303E-3	39.726562E+0
57.400000E+0	0.000000E+0	50.000000E+0	4.006816E+0	8.099376E-3	39.754688E+0
57.500000E+0	0.000000E+0	50.000000E+0	4.006816E+0	1.763034E-3	39.796875E+0
57.600000E+0	0.000000E+0	50.000000E+0	3.790774E+0	-19.780527E-3	39.839063E+0
57.700000E+0	0.000000E+0	50.000000E+0	3.790774E+0	-29.918674E-3	39.867187E+0
57.800000E+0	0.000000E+0	50.000000E+0	3.962682E+0	-26.116869E-3	39.881250E+0
57.900000E+0	0.000000E+0	50.000000E+0	4.344882E+0	-21.047796E-3	39.895313E+0
58.000000E+0	0.000000E+0	50.000000E+0	4.118264E+0	-26.116869E-3	39.909375E+0
58.100000E+0	0.000000E+0	50.000000E+0	4.118264E+0	-32.453211E-3	39.923437E+0
58.200000E+0	0.000000E+0	50.000000E+0	4.570472E+0	-3.306039E-3	39.937500E+0
58.300000E+0	0.000000E+0	50.000000E+0	4.570472E+0	-771.502440E-6	39.951563E+0
58.400000E+0	0.000000E+0	50.000000E+0	4.653956E+0	-17.245991E-3	39.965625E+0
58.500000E+0	0.000000E+0	50.000000E+0	4.771885E+0	-9.642381E-3	39.979688E+0
58.600000E+0	0.000000E+0	50.000000E+0	5.090012E+0	-14.711454E-3	39.979688E+0
58.700000E+0	0.000000E+0	50.000000E+0	5.158963E+0	-38.789552E-3	39.993750E+0
58.800000E+0	0.000000E+0	50.000000E+0	5.359993E+0	-37.522284E-3	39.993750E+0
58.900000E+0	0.000000E+0	50.000000E+0	5.321578E+0	1.763034E-3	40.021875E+0
59.000000E+0	0.000000E+0	50.000000E+0	5.321763E+0	-26.116869E-3	40.035938E+0
59.100000E+0	0.000000E+0	50.000000E+0	5.321763E+0	-24.849601E-3	40.064062E+0
59.200000E+0	0.000000E+0	50.000000E+0	5.342852E+0	8.099376E-3	40.092188E+0
59.300000E+0	0.000000E+0	50.000000E+0	5.354982E+0	-2.038771E-3	40.120313E+0
59.400000E+0	0.000000E+0	50.000000E+0	5.354982E+0	-21.047796E-3	40.134375E+0
59.500000E+0	0.000000E+0	50.000000E+0	5.490243E+0	-28.651406E-3	40.162500E+0
59.600000E+0	0.000000E+0	50.000000E+0	5.490243E+0	-27.384137E-3	40.176563E+0
59.700000E+0	0.000000E+0	50.000000E+0	5.432639E+0	-5.840576E-3	40.204687E+0
59.800000E+0	0.000000E+0	50.000000E+0	5.530084E+0	-37.522284E-3	40.204687E+0
59.900000E+0	0.000000E+0	50.000000E+0	5.661975E+0	-27.384137E-3	40.218750E+0
60.000000E+0	0.000000E+0	50.000000E+0	5.900585E+0	-32.453211E-3	40.232813E+0
60.100000E+0	0.000000E+0	50.000000E+0	5.900585E+0	-7.107844E-3	40.246875E+0
60.200000E+0	0.000000E+0	50.000000E+0	5.759358E+0	-2.038771E-3	40.260938E+0
60.300000E+0	0.000000E+0	50.000000E+0	6.114094E+0	-29.918674E-3	40.275000E+0
60.400000E+0	0.000000E+0	50.000000E+0	6.186305E+0	-29.918674E-3	40.289062E+0
60.500000E+0	0.000000E+0	50.000000E+0	5.847418E+0	-21.047796E-3	40.317188E+0
60.600000E+0	0.000000E+0	50.000000E+0	6.200536E+0	-23.582332E-3	40.331250E+0
60.700000E+0	0.000000E+0	50.000000E+0	6.339246E+0	-26.116869E-3	40.345312E+0
60.800000E+0	0.000000E+0	50.000000E+0	6.339246E+0	-17.245991E-3	40.373438E+0
60.900000E+0	0.000000E+0	50.000000E+0	5.959817E+0	1.763034E-3	40.401563E+0
61.000000E+0	0.000000E+0	50.000000E+0	5.777871E+0	15.702986E-3	40.443750E+0
61.100000E+0	0.000000E+0	50.000000E+0	5.777871E+0	-9.642381E-3	40.485937E+0
61.200000E+0	0.000000E+0	50.000000E+0	5.789252E+0	-5.840576E-3	40.528125E+0
61.300000E+0	0.000000E+0	50.000000E+0	5.789252E+0	14.435717E-3	40.584375E+0
61.400000E+0	0.000000E+0	50.000000E+0	4.999322E+0	23.306596E-3	40.640625E+0
61.500000E+0	0.000000E+0	50.000000E+0	4.645349E+0	16.970254E-3	40.696875E+0
61.600000E+0	0.000000E+0	50.000000E+0	4.645349E+0	1.763034E-3	40.725000E+0
61.700000E+0	0.000000E+0	50.000000E+0	4.674848E+0	6.832107E-3	40.753125E+0
61.800000E+0	0.000000E+0	50.000000E+0	4.451788E+0	11.901181E-3	40.795313E+0
61.900000E+0	0.000000E+0	50.000000E+0	4.451788E+0	5.564839E-3	40.823438E+0
62.000000E+0	0.000000E+0	50.000000E+0	4.383455E+0	4.297571E-3	40.851562E+0
62.100000E+0	0.000000E+0	50.000000E+0	4.187647E+0	-10.909649E-3	40.879688E+0
62.200000E+0	0.000000E+0	50.000000E+0	4.187647E+0	-13.444186E-3	40.907812E+0
62.300000E+0	0.000000E+0	50.000000E+0	4.331457E+0	-15.978722E-3	40.935938E+0
62.400000E+0	0.000000E+0	50.000000E+0	3.674279E+0	-3.306039E-3	40.978125E+0
62.500000E+0	0.000000E+0	50.000000E+0	3.674279E+0	-12.176917E-3	41.034375E+0
62.600000E+0	0.000000E+0	50.000000E+0	3.686928E+0	-23.582332E-3	41.062500E+0
62.700000E+0	0.000000E+0	50.000000E+0	3.618347E+0	-8.375112E-3	41.076563E+0
62.800000E+0	0.000000E+0	50.000000E+0	3.924800E+0	-36.255016E-3	41.090625E+0
62.900000E+0	0.000000E+0	50.000000E+0	3.924800E+0	-36.255016E-3	41.090625E+0
63.000000E+0	0.000000E+0	50.000000E+0	3.997383E+0	-21.047796E-3	41.104688E+0
63.100000E+0	0.000000E+0	50.000000E+0	4.128030E+0	-27.384137E-3	41.118750E+0
63.200000E+0	0.000000E+0	50.000000E+0	4.102655E+0	-4.573307E-3	41.132812E+0
63.300000E+0	0.000000E+0	50.000000E+0	4.096418E+0	-33.720479E-3	41.146875E+0
63.400000E+0	0.000000E+0	50.000000E+0	4.485002E+0	-34.987747E-3	41.146875E+0
63.500000E+0	0.000000E+0	50.000000E+0	4.786006E+0	-3.306039E-3	41.160938E+0
63.600000E+0	0.000000E+0	50.000000E+0	4.786006E+0	-8.375112E-3	41.160938E+0
63.700000E+0	0.000000E+0	50.000000E+0	4.714176E+0	-5.840576E-3	41.175000E+0
63.800000E+0	0.000000E+0	50.000000E+0	5.033995E+0	-45.125894E-3	41.175000E+0
63.900000E+0	0.000000E+0	50.000000E+0	5.353813E+0	-33.720479E-3	41.175000E+0
64.000000E+0	0.000000E+0	50.000000E+0	5.353813E+0	-31.185942E-3	41.189062E+0
64.100000E+0	0.000000E+0	50.000000E+0	5.617446E+0	-14.711454E-3	41.203125E+0
64.200000E+0	0.000000E+0	50.000000E+0	5.590454E+0	-2.038771E-3	41.231250E+0
64.300000E+0	0.000000E+0	50.000000E+0	5.487053E+0	4.297571E-3	41.259375E+0
64.400000E+0	0.000000E+0	50.000000E+0	5.423349E+0	-21.047796E-3	41.287500E+0
64.500000E+0	0.000000E+0	50.000000E+0	5.388192E+0	-17.245991E-3	41.315625E+0
64.600000E+0	0.000000E+0	50.000000E+0	5.388192E+0	-32.453211E-3	41.329687E+0
64.700000E+0	0.000000E+0	50.000000E+0	5.416674E+0	-4.573307E-3	41.343750E+0
64.800000E+0	0.000000E+0	50.000000E+0	5.370816E+0	-38.789552E-3	41.357813E+0
64.900000E+0	0.000000E+0	50.000000E+0	5.851857E+0	-5.840576E-3	41.357813E+0
65.000000E+0	0.000000E+0	50.000000E+0	5.894999E+0	-32.453211E-3	41.371875E+0
65.100000E+0	0.000000E+0	50.000000E+0	6.078208E+0	-771.502440E-6	41.385938E+0
65.200000E+0	0.000000E+0	50.000000E+0	5.947630E+0	-28.651406E-3	41.414062E+0
65.300000E+0	0.000000E+0	50.000000E+0	5.947630E+0	-32.453211E-3	41.428125E+0
65.400000E+0	0.000000E+0	50.000000E+0	5.783057E+0	-18.513259E-3	41.442188E+0
65.500000E+0	0.000000E+0	50.000000E+0	6.042173E+0	-37.522284E-3	41.456250E+0
65.600000E+0	0.000000E+0	50.000000E+0	6.316597E+0	-10.909649E-3	41.456250E+0
65.700000E+0	0.000000E+0	50.000000E+0	6.653312E+0	-771.502440E-6	41.456250E+0
65.800000E+0	0.000000E+0	50.000000E+0	6.970492E+0	-15.978722E-3	41.484375E+0
65.900000E+0	0.000000E+0	50.000000E+0	6.691683E+0	8.099376E-3	41.512500E+0
66.000000E+0	0.000000E+0	50.000000E+0	6.691683E+0	-2.038771E-3	41.554687E+0
66.100000E+0	0.000000E+0	50.000000E+0	6.059516E+0	9.366644E-3	41.625000E+0
66.200000E+0	0.000000E+0	50.000000E+0	6.059516E+0	51.186499E-3	41.695312E+0
66.300000E+0	0.000000E+0	50.000000E+0	5.265898E+0	43.582889E-3	41.793750E+0
66.400000E+0	0.000000E+0	50.000000E+0	4.188930E+0	33.444742E-3	41.920313E+0
66.500000E+0	0.000000E+0	50.000000E+0	4.188930E+0	22.039327E-3	42.032812E+0
66.600000E+0	0.000000E+0	50.000000E+0	3.059424E+0	8.099376E-3	42.131250E+0
66.700000E+0	0.000000E+0	50.000000E+0	2.983198E+0	-7.107844E-3	42.187500E+0
66.800000E+0	0.000000E+0	50.000000E+0	2.739602E+0	-13.444186E-3	42.229688E+0
66.900000E+0	0.000000E+0	50.000000E+0	2.739602E+0	-41.324089E-3	42.229688E+0
67.000000E+0	0.000000E+0	50.000000E+0	3.159702E+0	-10.909649E-3	42.229688E+0
67.100000E+0	0.000000E+0	50.000000E+0	3.289826E+0	-36.255016E-3	42.229688E+0
67.200000E+0	0.000000E+0	50.000000E+0	3.767778E+0	-32.453211E-3	42.229688E+0
67.300000E+0	0.000000E+0	50.000000E+0	3.946557E+0	-40.056821E-3	42.229688E+0
67.400000E+0	0.000000E+0	50.000000E+0	4.183723E+0	-4.573307E-3	42.243750E+0
67.500000E+0	0.000000E+0	50.000000E+0	3.893342E+0	-4.573307E-3	42.271875E+0
67.600000E+0	0.000000E+0	50.000000E+0	4.030482E+0	-27.384137E-3	42.285938E+0
67.700000E+0	0.000000E+0	50.000000E+0	4.085294E+0	495.765883E-6	42.300000E+0
67.800000E+0	0.000000E+0	50.000000E+0	4.085294E+0	1.763034E-3	42.314062E+0
67.900000E+0	0.000000E+0	50.000000E+0	4.028520E+0	-40.056821E-3	42.328125E+0
68.000000E+0	0.000000E+0	50.000000E+0	4.526161E+0	-31.185942E-3	42.342188E+0
68.100000E+0	0.000000E+0	50.000000E+0	4.463229E+0	-18.513259E-3	42.356250E+0
68.200000E+0	0.000000E+0	50.000000E+0	4.481655E+0	-28.651406E-3	42.370313E+0
68.300000E+0	0.000000E+0	50.000000E+0	4.511232E+0	-26.116869E-3	42.370313E+0
68.400000E+0	0.000000E+0	50.000000E+0	4.871667E+0	-32.453211E-3	42.384375E+0
68.500000E+0	0.000000E+0	50.000000E+0	4.729916E+0	-36.255016E-3	42.384375E+0
68.600000E+0	0.000000E+0	50.000000E+0	5.109490E+0	-37.522284E-3	42.398437E+0
68.700000E+0	0.000000E+0	50.000000E+0	5.109490E+0	-5.840576E-3	42.412500E+0
68.800000E+0	0.000000E+0	50.000000E+0	4.873936E+0	-27.384137E-3	42.426563E+0
68.900000E+0	0.000000E+0	50.000000E+0	4.822626E+0	-19.780527E-3	42.454687E+0
69.000000E+0	0.000000E+0	50.000000E+0	4.975022E+0	-28.651406E-3	42.482813E+0
69.100000E+0	0.000000E+0	50.000000E+0	4.975022E+0	-10.909649E-3	42.496875E+0
69.200000E+0	0.000000E+0	50.000000E+0	5.075588E+0	-22.315064E-3	42.496875E+0
69.300000E+0	0.000000E+0	50.000000E+0	5.125547E+0	-12.176917E-3	42.510938E+0
69.400000E+0	0.000000E+0	50.000000E+0	5.125547E+0	-31.185942E-3	42.525000E+0
69.500000E+0	0.000000E+0	50.000000E+0	5.179015E+0	-22.315064E-3	42.539062E+0
69.600000E+0	0.000000E+0	50.000000E+0	5.781912E+0	-31.185942E-3	42.553125E+0
69.700000E+0	0.000000E+0	50.000000E+0	5.781912E+0	-29.918674E-3	42.553125E+0
69.800000E+0	0.000000E+0	50.000000E+0	5.820845E+0	-27.384137E-3	42.567188E+0
69.900000E+0	0.000000E+0	50.000000E+0	6.221260E+0	-15.978722E-3	42.581250E+0
70.000000E+0	0.000000E+0	50.000000E+0	6.016593E+0	-24.849601E-3	42.595312E+0
70.100000E+0	0.000000E+0	50.000000E+0	6.016593E+0	-24.849601E-3	42.609375E+0
70.200000E+0	0.000000E+0	50.000000E+0	6.058712E+0	5.564839E-3	42.623438E+0
70.300000E+0	0.000000E+0	50.000000E+0	6.213125E+0	-2.038771E-3	42.651563E+0
70.400000E+0	0.000000E+0	50.000000E+0	5.940810E+0	-15.978722E-3	42.679687E+0
70.500000E+0	0.000000E+0	50.000000E+0	5.940810E+0	10.633912E-3	42.721875E+0
70.600000E+0	0.000000E+0	50.000000E+0	5.556327E+0	-27.384137E-3	42.735937E+0
70.700000E+0	0.000000E+0	50.000000E+0	5.725546E+0	-28.651406E-3	42.764063E+0
70.800000E+0	0.000000E+0	50.000000E+0	5.725546E+0	8.099376E-3	42.778125E+0
70.900000E+0	0.000000E+0	50.000000E+0	5.666147E+0	8.099376E-3	42.806250E+0
71.000000E+0	0.000000E+0	50.000000E+0	5.738505E+0	-29.918674E-3	42.820312E+0
71.100000E+0	0.000000E+0	50.000000E+0	5.738505E+0	-26.116869E-3	42.834375E+0
71.200000E+0	0.000000E+0	50.000000E+0	5.749523E+0	-22.315064E-3	42.862500E+0
71.300000E+0	0.000000E+0	50.000000E+0	5.749523E+0	-22.315064E-3	42.876562E+0
71.400000E+0	0.000000E+0	50.000000E+0	5.949390E+0	-36.255016E-3	42.876562E+0
71.500000E+0	0.000000E+0	50.000000E+0	5.949390E+0	-8.375112E-3	42.876562E+0
71.600000E+0	0.000000E+0	50.000000E+0	6.316107E+0	-23.582332E-3	42.876562E+0
71.700000E+0	0.000000E+0	50.000000E+0	6.334037E+0	-26.116869E-3	42.890625E+0
71.800000E+0	0.000000E+0	50.000000E+0	6.184470E+0	-771.502440E-6	42.904688E+0
71.900000E+0	0.000000E+0	50.000000E+0	6.439130E+0	-3.306039E-3	42.918750E+0
72.000000E+0	0.000000E+0	50.000000E+0	6.206912E+0	4.297571E-3	42.932813E+0
72.100000E+0	0.000000E+0	50.000000E+0	6.206912E+0	-8.375112E-3	42.960937E+0
72.200000E+0	0.000000E+0	50.000000E+0	6.396640E+0	-23.582332E-3	42.975000E+0
72.300000E+0	0.000000E+0	50.000000E+0	6.274325E+0	15.702986E-3	43.003125E+0
72.400000E+0	0.000000E+0	50.000000E+0	6.274325E+0	13.168449E-3	43.073438E+0
72.500000E+0	0.000000E+0	50.000000E+0	5.440689E+0	39.781084E-3	43.143750E+0
72.600000E+0	0.000000E+0	50.000000E+0	4.592989E+0	24.573864E-3	43.228125E+0
72.700000E+0	0.000000E+0	50.000000E+0	4.592989E+0	23.306596E-3	43.326563E+0
72.800000E+0	0.000000E+0	50.000000E+0	3.697553E+0	22.039327E-3	43.396875E+0
72.900000E+0	0.000000E+0	50.000000E+0	3.758733E+0	-9.642381E-3	43.410938E+0
73.000000E+0	0.000000E+0	50.000000E+0	4.017376E+0	-41.324089E-3	43.410938E+0
73.100000E+0	0.000000E+0	50.000000E+0	4.324675E+0	-9.642381E-3	43.410938E+0
73.200000E+0	0.000000E+0	50.000000E+0	4.340041E+0	-12.176917E-3	43.410938E+0
73.300000E+0	0.000000E+0	50.000000E+0	4.882424E+0	-40.056821E-3	43.410938E+0
73.400000E+0	0.000000E+0	50.000000E+0	5.034025E+0	-29.918674E-3	43.425000E+0
73.500000E+0	0.000000E+0	50.000000E+0	4.872163E+0	-12.176917E-3	43.439062E+0
73.600000E+0	0.000000E+0	50.000000E+0	4.900445E+0	-15.978722E-3	43.467188E+0
73.700000E+0	0.000000E+0	50.000000E+0	4.900445E+0	-7.107844E-3	43.481250E+0
73.800000E+0	0.000000E+0	50.000000E+0	4.741444E+0	-31.185942E-3	43.509375E+0
73.900000E+0	0.000000E+0	50.000000E+0	4.671120E+0	-40.056821E-3	43.509375E+0
74.000000E+0	0.000000E+0	50.000000E+0	4.979524E+0	-37.522284E-3	43.509375E+0
74.100000E+0	0.000000E+0	50.000000E+0	4.979524E+0	-37.522284E-3	43.523437E+0
74.200000E+0	0.000000E+0	50.000000E+0	5.045112E+0	-27.384137E-3	43.523437E+0
74.300000E+0	0.000000E+0	50.000000E+0	5.242780E+0	-36.255016E-3	43.523437E+0
74.400000E+0	0.000000E+0	50.000000E+0	5.677041E+0	-37.522284E-3	43.523437E+0
74.500000E+0	0.000000E+0	50.000000E+0	5.722844E+0	-31.185942E-3	43.537500E+0
74.600000E+0	0.000000E+0	50.000000E+0	5.758591E+0	-32.453211E-3	43.551563E+0
74.700000E+0	0.000000E+0	50.000000E+0	5.897226E+0	-10.909649E-3	43.565625E+0
74.800000E+0	0.000000E+0	50.000000E+0	5.903457E+0	-36.255016E-3	43.565625E+0
74.900000E+0	0.000000E+0	50.000000E+0	5.903457E+0	-33.720479E-3	43.565625E+0
75.000000E+0	0.000000E+0	50.000000E+0	6.109885E+0	-38.789552E-3	43.579687E+0
75.100000E+0	0.000000E+0	50.000000E+0	6.203373E+0	-41.324089E-3	43.579687E+0
75.200000E+0	0.000000E+0	50.000000E+0	6.420961E+0	-18.513259E-3	43.593750E+0
75.300000E+0	0.000000E+0	50.000000E+0	6.886763E+0	11.901181E-3	43.607813E+0
75.400000E+0	0.000000E+0	50.000000E+0	6.483317E+0	15.702986E-3	43.635938E+0
75.500000E+0	0.000000E+0	50.000000E+0	6.301295E+0	-24.849601E-3	43.664062E+0
75.600000E+0	0.000000E+0	50.000000E+0	6.301295E+0	1.763034E-3	43.692188E+0
75.700000E+0	0.000000E+0	50.000000E+0	6.322656E+0	-36.255016E-3	43.692188E+0
75.800000E+0	0.000000E+0	50.000000E+0	6.865925E+0	-33.720479E-3	43.692188E+0
75.900000E+0	0.000000E+0	50.000000E+0	6.865925E+0	-26.116869E-3	43.706250E+0
76.000000E+0	0.000000E+0	50.000000E+0	6.761878E+0	-23.582332E-3	43.734375E+0
76.100000E+0	0.000000E+0	50.000000E+0	6.787843E+0	-36.255016E-3	43.748438E+0
76.200000E+0	0.000000E+0	50.000000E+0	6.731481E+0	-38.789552E-3	43.748438E+0
76.300000E+0	0.000000E+0	50.000000E+0	7.318687E+0	-37.522284E-3	43.748438E+0
76.400000E+0	0.000000E+0	50.000000E+0	7.314426E+0	-4.573307E-3	43.748438E+0
76.500000E+0	0.000000E+0	50.000000E+0	7.458262E+0	-29.918674E-3	43.762500E+0
76.600000E+0	0.000000E+0	50.000000E+0	7.596198E+0	-2.038771E-3	43.776563E+0
76.700000E+0	0.000000E+0	50.000000E+0	7.562483E+0	-27.384137E-3	43.804687E+0
76.800000E+0	0.000000E+0	50.000000E+0	7.562483E+0	-31.185942E-3	43.818750E+0
76.900000E+0	0.000000E+0	50.000000E+0	7.635163E+0	-34.987747E-3	43.818750E+0
77.000000E+0	0.000000E+0	50.000000E+0	7.939062E+0	-40.056821E-3	43.818750E+0
77.100000E+0	0.000000E+0	50.000000E+0	7.939062E+0	-32.453211E-3	43.818750E+0
77.200000E+0	0.000000E+0	50.000000E+0	8.326792E+0	-36.255016E-3	43.818750E+0
77.300000E+0	0.000000E+0	50.000000E+0	8.323044E+0	-5.840576E-3	43.832813E+0
77.400000E+0	0.000000E+0	50.000000E+0	8.459362E+0	9.366644E-3	43.846875E+0
77.500000E+0	0.000000E+0	50.000000E+0	8.459362E+0	5.564839E-3	43.889063E+0
77.600000E+0	0.000000E+0	50.000000E+0	7.915944E+0	14.435717E-3	43.959375E+0
77.700000E+0	0.000000E+0	50.000000E+0	6.874642E+0	20.772059E-3	44.043750E+0
77.800000E+0	0.000000E+0	50.000000E+0	6.874642E+0	9.366644E-3	44.128125E+0
77.900000E+0	0.000000E+0	50.000000E+0	6.073706E+0	5.564839E-3	44.212500E+0
78.000000E+0	0.000000E+0	50.000000E+0	5.429387E+0	6.832107E-3	44.282812E+0
78.100000E+0	0.000000E+0	50.000000E+0	5.429387E+0	495.765883E-6	44.353125E+0
78.200000E+0	0.000000E+0	50.000000E+0	4.682757E+0	-4.573307E-3	44.409375E+0
78.300000E+0	0.000000E+0	50.000000E+0	4.682757E+0	-28.651406E-3	44.451563E+0
78.400000E+0	0.000000E+0	50.000000E+0	4.490603E+0	-29.918674E-3	44.465625E+0
78.500000E+0	0.000000E+0	50.000000E+0	4.641556E+0	-34.987747E-3	44.465625E+0
78.600000E+0	0.000000E+0	50.000000E+0	5.051923E+0	-37.522284E-3	44.465625E+0
78.700000E+0	0.000000E+0	50.000000E+0	5.052754E+0	-18.513259E-3	44.465625E+0
78.800000E+0	0.000000E+0	50.000000E+0	5.228744E+0	-14.711454E-3	44.465625E+0
78.900000E+0	0.000000E+0	50.000000E+0	5.292624E+0	-9.642381E-3	44.479688E+0
79.000000E+0	0.000000E+0	50.000000E+0	5.409904E+0	-12.176917E-3	44.479688E+0
79.100000E+0	0.000000E+0	50.000000E+0	5.409904E+0	-22.315064E-3	44.507812E+0
79.200000E+0	0.000000E+0	50.000000E+0	5.418074E+0	13.168449E-3	44.535938E+0
79.300000E+0	0.000000E+0	50.000000E+0	5.024555E+0	-22.315064E-3	44.578125E+0
79.400000E+0	0.000000E+0	50.000000E+0	5.024555E+0	-18.513259E-3	44.592188E+0
79.500000E+0	0.000000E+0	50.000000E+0	5.301173E+0	-32.453211E-3	44.592188E+0
79.600000E+0	0.000000E+0	50.000000E+0	5.454790E+0	-43.858626E-3	44.592188E+0
79.700000E+0	0.000000E+0	50.000000E+0	5.326204E+0	-34.987747E-3	44.592188E+0
79.800000E+0	0.000000E+0	50.000000E+0	5.567400E+0	-40.056821E-3	44.592188E+0
79.900000E+0	0.000000E+0	50.000000E+0	6.057442E+0	-36.255016E-3	44.592188E+0
80.000000E+0	0.000000E+0	50.000000E+0	6.360512E+0	-2.038771E-3	44.592188E+0
80.100000E+0	0.000000E+0	50.000000E+0	6.488767E+0	10.633912E-3	44.620313E+0
80.200000E+0	0.000000E+0	50.000000E+0	6.328596E+0	-5.840576E-3	44.662500E+0
80.300000E+0	0.000000E+0	50.000000E+0	6.328596E+0	18.237522E-3	44.704687E+0
80.400000E+0	0.000000E+0	50.000000E+0	5.774399E+0	-34.987747E-3	44.746875E+0
80.500000E+0	0.000000E+0	50.000000E+0	6.053631E+0	-43.858626E-3	44.746875E+0
80.600000E+0	0.000000E+0	50.000000E+0	6.517624E+0	-42.591357E-3	44.746875E+0
80.700000E+0	0.000000E+0	50.000000E+0	6.705056E+0	-43.858626E-3	44.746875E+0
80.800000E+0	0.000000E+0	50.000000E+0	7.131675E+0	-42.591357E-3	44.746875E+0
80.900000E+0	0.000000E+0	50.000000E+0	7.252539E+0	-15.978722E-3	44.760938E+0
81.000000E+0	0.000000E+0	50.000000E+0	7.172881E+0	-27.384137E-3	44.775000E+0
81.100000E+0	0.000000E+0	50.000000E+0	6.915673E+0	-21.047796E-3	44.803125E+0
81.200000E+0	0.000000E+0	50.000000E+0	6.915673E+0	-19.780527E-3	44.831250E+0
81.300000E+0	0.000000E+0	50.000000E+0	6.583476E+0	-10.909649E-3	44.873438E+0
81.400000E+0	0.000000E+0	50.000000E+0	6.583476E+0	-4.573307E-3	44.901563E+0
81.500000E+0	0.000000E+0	50.000000E+0	6.298641E+0	-28.651406E-3	44.943750E+0
81.600000E+0	0.000000E+0	50.000000E+0	6.102160E+0	-36.255016E-3	44.943750E+0
81.700000E+0	0.000000E+0	50.000000E+0	6.726055E+0	-42.591357E-3	44.957813E+0
81.800000E+0	0.000000E+0	50.000000E+0	6.715561E+0	-29.918674E-3	44.957813E+0
81.900000E+0	0.000000E+0	50.000000E+0	6.880228E+0	-28.651406E-3	44.971875E+0
82.000000E+0	0.000000E+0	50.000000E+0	6.491985E+0	-31.185942E-3	45.000000E+0
82.100000E+0	0.000000E+0	50.000000E+0	6.491985E+0	-4.573307E-3	45.000000E+0
82.200000E+0	0.000000E+0	50.000000E+0	6.752991E+0	-12.176917E-3	45.014063E+0
82.300000E+0	0.000000E+0	50.000000E+0	6.667510E+0	-31.185942E-3	45.028125E+0
82.400000E+0	0.000000E+0	50.000000E+0	6.844445E+0	-14.711454E-3	45.042188E+0
82.500000E+0	0.000000E+0	50.000000E+0	6.797241E+0	-26.116869E-3	45.056250E+0
82.600000E+0	0.000000E+0	50.000000E+0	6.549191E+0	-24.849601E-3	45.070312E+0
82.700000E+0	0.000000E+0	50.000000E+0	6.802681E+0	-26.116869E-3	45.084375E+0
82.800000E+0	0.000000E+0	50.000000E+0	6.867124E+0	-4.573307E-3	45.084375E+0
82.900000E+0	0.000000E+0	50.000000E+0	6.818626E+0	495.765883E-6	45.098438E+0
83.000000E+0	0.000000E+0	50.000000E+0	6.793098E+0	4.297571E-3	45.126562E+0
83.100000E+0	0.000000E+0	50.000000E+0	6.793098E+0	-19.780527E-3	45.154688E+0
83.200000E+0	0.000000E+0	50.000000E+0	6.426334E+0	-23.582332E-3	45.168750E+0
83.300000E+0	0.000000E+0	50.000000E+0	6.531916E+0	-27.384137E-3	45.182813E+0
83.400000E+0	0.000000E+0	50.000000E+0	6.822064E+0	-24.849601E-3	45.182813E+0
83.500000E+0	0.000000E+0	50.000000E+0	7.024270E+0	-33.720479E-3	45.182813E+0
83.600000E+0	0.000000E+0	50.000000E+0	7.135104E+0	-5.840576E-3	45.196875E+0
83.700000E+0	0.000000E+0	50.000000E+0	6.938374E+0	-24.849601E-3	45.210937E+0
83.800000E+0	0.000000E+0	50.000000E+0	6.938374E+0	-17.245991E-3	45.239063E+0
83.900000E+0	0.000000E+0	50.000000E+0	6.684698E+0	-12.176917E-3	45.267187E+0
84.000000E+0	0.000000E+0	50.000000E+0	6.542670E+0	-27.384137E-3	45.295313E+0
84.100000E+0	0.000000E+0	50.000000E+0	6.542670E+0	-3.306039E-3	45.323438E+0
84.200000E+0	0.000000E+0	50.000000E+0	6.512612E+0	-24.849601E-3	45.323438E+0
84.300000E+0	0.000000E+0	50.000000E+0	6.600748E+0	-21.047796E-3	45.323438E+0
84.400000E+0	0.000000E+0	50.000000E+0	6.972755E+0	-26.116869E-3	45.323438E+0
84.500000E+0	0.000000E+0	50.000000E+0	7.226876E+0	-31.185942E-3	45.323438E+0
84.600000E+0	0.000000E+0	50.000000E+0	7.334474E+0	-23.582332E-3	45.351562E+0
84.700000E+0	0.000000E+0	50.000000E+0	7.011837E+0	22.039327E-3	45.379688E+0
84.800000E+0	0.000000E+0	50.000000E+0	7.011837E+0	6.832107E-3	45.450000E+0
84.900000E+0	0.000000E+0	50.000000E+0	6.127676E+0	41.048352E-3	45.534375E+0
85.000000E+0	0.000000E+0	50.000000E+0	5.190203E+0	53.721035E-3	45.618750E+0
85.100000E+0	0.000000E+0	50.000000E+0	5.190203E+0	46.117425E-3	45.717188E+0
85.200000E+0	0.000000E+0	50.000000E+0	4.165747E+0	13.168449E-3	45.801563E+0
85.300000E+0	0.000000E+0	50.000000E+0	4.165747E+0	3.030303E-3	45.843750E+0
85.400000E+0	0.000000E+0	50.000000E+0	4.004103E+0	-21.047796E-3	45.857813E+0
85.500000E+0	0.000000E+0	50.000000E+0	3.928402E+0	-21.047796E-3	45.857813E+0
85.600000E+0	0.000000E+0	50.000000E+0	4.284438E+0	-8.375112E-3	45.857813E+0
85.700000E+0	0.000000E+0	50.000000E+0	4.589810E+0	-27.384137E-3	45.857813E+0
85.800000E+0	0.000000E+0	50.000000E+0	4.626727E+0	-9.642381E-3	45.857813E+0
85.900000E+0	0.000000E+0	50.000000E+0	4.727747E+0	-10.909649E-3	45.857813E+0
86.000000E+0	0.000000E+0	50.000000E+0	4.813319E+0	-15.978722E-3	45.857813E+0
86.100000E+0	0.000000E+0	50.000000E+0	5.130430E+0	-26.116869E-3	45.857813E+0
86.200000E+0	0.000000E+0	50.000000E+0	5.550569E+0	-34.987747E-3	45.857813E+0
86.300000E+0	0.000000E+0	50.000000E+0	5.435619E+0	-28.651406E-3	45.871875E+0
86.400000E+0	0.000000E+0	50.000000E+0	5.583087E+0	-37.522284E-3	45.885938E+0
86.500000E+0	0.000000E+0	50.000000E+0	5.409104E+0	-37.522284E-3	45.900000E+0
86.600000E+0	0.000000E+0	50.000000E+0	5.409104E+0	-46.393162E-3	45.900000E+0
86.700000E+0	0.000000E+0	50.000000E+0	5.607500E+0	-17.245991E-3	45.900000E+0
86.800000E+0	0.000000E+0	50.000000E+0	5.769951E+0	-50.194967E-3	45.900000E+0
86.900000E+0	0.000000E+0	50.000000E+0	5.932401E+0	-12.176917E-3	45.900000E+0
87.000000E+0	0.000000E+0	50.000000E+0	5.861306E+0	-14.711454E-3	45.914062E+0
87.100000E+0	0.000000E+0	50.000000E+0	6.092404E+0	-32.453211E-3	45.914062E+0
87.200000E+0	0.000000E+0	50.000000E+0	6.186413E+0	-7.107844E-3	45.928125E+0
87.300000E+0	0.000000E+0	50.000000E+0	6.070170E+0	-21.047796E-3	45.928125E+0
87.400000E+0	0.000000E+0	50.000000E+0	6.080107E+0	-34.987747E-3	45.942188E+0
87.500000E+0	0.000000E+0	50.000000E+0	6.486698E+0	-26.116869E-3	45.942188E+0
87.600000E+0	0.000000E+0	50.000000E+0	6.498262E+0	-14.711454E-3	45.942188E+0
87.700000E+0	0.000000E+0	50.000000E+0	6.723470E+0	-21.047796E-3	45.956250E+0
87.800000E+0	0.000000E+0	50.000000E+0	7.045783E+0	-38.789552E-3	45.956250E+0
87.900000E+0	0.000000E+0	50.000000E+0	6.919701E+0	-2.038771E-3	45.970312E+0
88.000000E+0	0.000000E+0	50.000000E+0	6.919701E+0	6.832107E-3	45.998438E+0
88.100000E+0	0.000000E+0	50.000000E+0	6.825457E+0	-33.720479E-3	46.012500E+0
88.200000E+0	0.000000E+0	50.000000E+0	6.925188E+0	1.763034E-3	46.026563E+0
88.300000E+0	0.000000E+0	50.000000E+0	6.874474E+0	-19.780527E-3	46.054687E+0
88.400000E+0	0.000000E+0	50.000000E+0	6.476949E+0	-24.849601E-3	46.068750E+0
88.500000E+0	0.000000E+0	50.000000E+0	6.476949E+0	-13.444186E-3	46.110937E+0
88.600000E+0	0.000000E+0	50.000000E+0	6.397835E+0	6.832107E-3	46.139063E+0
88.700000E+0	0.000000E+0	50.000000E+0	6.397343E+0	-34.987747E-3	46.153125E+0
88.800000E+0	0.000000E+0	50.000000E+0	6.450759E+0	-31.185942E-3	46.167188E+0
88.900000E+0	0.000000E+0	50.000000E+0	6.450759E+0	-41.324089E-3	46.167188E+0
89.000000E+0	0.000000E+0	50.000000E+0	6.646592E+0	-33.720479E-3	46.167188E+0
89.100000E+0	0.000000E+0	50.000000E+0	6.462307E+0	-14.711454E-3	46.167188E+0
89.200000E+0	0.000000E+0	50.000000E+0	6.754845E+0	-22.315064E-3	46.167188E+0
89.300000E+0	0.000000E+0	50.000000E+0	6.697064E+0	-18.513259E-3	46.167188E+0
89.400000E+0	0.000000E+0	50.000000E+0	6.912359E+0	-14.711454E-3	46.167188E+0
89.500000E+0	0.000000E+0	50.000000E+0	7.235302E+0	-31.185942E-3	46.167188E+0
89.600000E+0	0.000000E+0	50.000000E+0	7.093773E+0	-28.651406E-3	46.181250E+0
89.700000E+0	0.000000E+0	50.000000E+0	6.994676E+0	-27.384137E-3	46.209375E+0
89.800000E+0	0.000000E+0	50.000000E+0	6.994676E+0	-24.849601E-3	46.223438E+0
89.900000E+0	0.000000E+0	50.000000E+0	7.134378E+0	-34.987747E-3	46.223438E+0
90.000000E+0	0.000000E+0	50.000000E+0	7.142731E+0	-15.978722E-3	46.223438E+0
90.100000E+0	0.000000E+0	50.000000E+0	7.365858E+0	-9.642381E-3	46.223438E+0
90.200000E+0	0.000000E+0	50.000000E+0	7.452749E+0	-24.849601E-3	46.237500E+0
90.300000E+0	0.000000E+0	50.000000E+0	7.452749E+0	-15.978722E-3	46.265625E+0
90.400000E+0	0.000000E+0	50.000000E+0	7.000294E+0	11.901181E-3	46.307813E+0
90.500000E+0	0.000000E+0	50.000000E+0	6.634125E+0	-13.444186E-3	46.350000E+0
90.600000E+0	0.000000E+0	50.000000E+0	6.634125E+0	-771.502440E-6	46.392187E+0
90.700000E+0	0.000000E+0	50.000000E+0	6.315317E+0	495.765883E-6	46.420313E+0
90.800000E+0	0.000000E+0	50.000000E+0	5.755769E+0	11.901181E-3	46.462500E+0
90.900000E+0	0.000000E+0	50.000000E+0	5.755769E+0	-26.116869E-3	46.504688E+0
91.000000E+0	0.000000E+0	50.000000E+0	5.434049E+0	-14.711454E-3	46.532812E+0
91.100000E+0	0.000000E+0	50.000000E+0	5.434049E+0	-5.840576E-3	46.532812E+0
91.200000E+0	0.000000E+0	50.000000E+0	5.599658E+0	-43.858626E-3	46.546875E+0
91.300000E+0	0.000000E+0	50.000000E+0	5.768288E+0	-8.375112E-3	46.546875E+0
91.400000E+0	0.000000E+0	50.000000E+0	5.768288E+0	-13.444186E-3	46.546875E+0
91.500000E+0	0.000000E+0	50.000000E+0	5.742296E+0	-38.789552E-3	46.546875E+0
91.600000E+0	0.000000E+0	50.000000E+0	5.889864E+0	-41.324089E-3	46.546875E+0
91.700000E+0	0.000000E+0	50.000000E+0	5.862271E+0	-33.720479E-3	46.546875E+0
91.800000E+0	0.000000E+0	50.000000E+0	6.126611E+0	-4.573307E-3	46.560938E+0
91.900000E+0	0.000000E+0	50.000000E+0	6.073657E+0	-9.642381E-3	46.575000E+0
92.000000E+0	0.000000E+0	50.000000E+0	5.613437E+0	-12.176917E-3	46.617187E+0
92.100000E+0	0.000000E+0	50.000000E+0	5.613437E+0	-19.780527E-3	46.659375E+0
92.200000E+0	0.000000E+0	50.000000E+0	5.204410E+0	9.366644E-3	46.701563E+0
92.300000E+0	0.000000E+0	50.000000E+0	5.204410E+0	-28.651406E-3	46.729688E+0
92.400000E+0	0.000000E+0	50.000000E+0	5.058573E+0	-17.245991E-3	46.743750E+0
92.500000E+0	0.000000E+0	50.000000E+0	4.976051E+0	-38.789552E-3	46.757812E+0
92.600000E+0	0.000000E+0	50.000000E+0	4.927974E+0	-5.840576E-3	46.771875E+0
92.700000E+0	0.000000E+0	50.000000E+0	4.807625E+0	-36.255016E-3	46.785938E+0
92.800000E+0	0.000000E+0	50.000000E+0	5.041427E+0	-31.185942E-3	46.785938E+0
92.900000E+0	0.000000E+0	50.000000E+0	4.837006E+0	-29.918674E-3	46.800000E+0
93.000000E+0	0.000000E+0	50.000000E+0	4.846345E+0	495.765883E-6	46.828125E+0
93.100000E+0	0.000000E+0	50.000000E+0	4.846345E+0	-13.444186E-3	46.842188E+0
93.200000E+0	0.000000E+0	50.000000E+0	4.541899E+0	-22.315064E-3	46.870313E+0
93.300000E+0	0.000000E+0	50.000000E+0	4.541899E+0	-23.582332E-3	46.898437E+0
93.400000E+0	0.000000E+0	50.000000E+0	4.197557E+0	-7.107844E-3	46.912500E+0
93.500000E+0	0.000000E+0	50.000000E+0	4.247387E+0	-23.582332E-3	46.926563E+0
93.600000E+0	0.000000E+0	50.000000E+0	4.425143E+0	-12.176917E-3	46.926563E+0
93.700000E+0	0.000000E+0	50.000000E+0	4.281773E+0	-40.056821E-3	46.926563E+0
93.800000E+0	0.000000E+0	50.000000E+0	4.473091E+0	-7.107844E-3	46.940625E+0
93.900000E+0	0.000000E+0	50.000000E+0	4.555485E+0	-31.185942E-3	46.940625E+0
94.000000E+0	0.000000E+0	50.000000E+0	4.649882E+0	-8.375112E-3	46.940625E+0
94.100000E+0	0.000000E+0	50.000000E+0	4.642423E+0	-7.107844E-3	46.954687E+0
94.200000E+0	0.000000E+0	50.000000E+0	4.882074E+0	-32.453211E-3	46.954687E+0
94.300000E+0	0.000000E+0	50.000000E+0	4.882074E+0	-14.711454E-3	46.968750E+0
94.400000E+0	0.000000E+0	50.000000E+0	4.576459E+0	-26.116869E-3	46.968750E+0
94.500000E+0	0.000000E+0	50.000000E+0	4.998147E+0	-9.642381E-3	46.968750E+0
94.600000E+0	0.000000E+0	50.000000E+0	4.998147E+0	-18.513259E-3	46.968750E+0
94.700000E+0	0.000000E+0	50.000000E+0	4.877099E+0	-10.909649E-3	46.982813E+0
94.800000E+0	0.000000E+0	50.000000E+0	5.024368E+0	-34.987747E-3	46.982813E+0
94.900000E+0	0.000000E+0	50.000000E+0	4.869972E+0	-37.522284E-3	46.996875E+0
95.000000E+0	0.000000E+0	50.000000E+0	5.040534E+0	-37.522284E-3	46.996875E+0
95.100000E+0	0.000000E+0	50.000000E+0	5.169973E+0	-29.918674E-3	46.996875E+0
95.200000E+0	0.000000E+0	50.000000E+0	5.171929E+0	-10.909649E-3	46.996875E+0
95.300000E+0	0.000000E+0	50.000000E+0	5.241025E+0	-13.444186E-3	47.010938E+0
95.400000E+0	0.000000E+0	50.000000E+0	5.323684E+0	495.765883E-6	47.025000E+0
95.500000E+0	0.000000E+0	50.000000E+0	4.971951E+0	-28.651406E-3	47.039062E+0
95.600000E+0	0.000000E+0	50.000000E+0	4.971951E+0	-28.651406E-3	47.053125E+0
95.700000E+0	0.000000E+0	50.000000E+0	5.170096E+0	-36.255016E-3	47.067188E+0
95.800000E+0	0.000000E+0	50.000000E+0	5.170096E+0	-13.444186E-3	47.067188E+0
95.900000E+0	0.000000E+0	50.000000E+0	5.153510E+0	-45.125894E-3	47.067188E+0
96.000000E+0	0.000000E+0	50.000000E+0	5.153510E+0	-41.324089E-3	47.067188E+0
96.100000E+0	0.000000E+0	50.000000E+0	5.473357E+0	-40.056821E-3	47.067188E+0
96.200000E+0	0.000000E+0	50.000000E+0	5.473357E+0	-38.789552E-3	47.067188E+0
96.300000E+0	0.000000E+0	50.000000E+0	5.355945E+0	-9.642381E-3	47.067188E+0
96.400000E+0	0.000000E+0	50.000000E+0	5.569389E+0	-12.176917E-3	47.067188E+0
96.500000E+0	0.000000E+0	50.000000E+0	5.542749E+0	-24.849601E-3	47.081250E+0
96.600000E+0	0.000000E+0	50.000000E+0	5.542749E+0	-27.384137E-3	47.081250E+0
96.700000E+0	0.000000E+0	50.000000E+0	5.813293E+0	-27.384137E-3	47.081250E+0
96.800000E+0	0.000000E+0	50.000000E+0	5.813293E+0	-34.987747E-3	47.081250E+0
96.900000E+0	0.000000E+0	50.000000E+0	5.869754E+0	-28.651406E-3	47.095312E+0
97.000000E+0	0.000000E+0	50.000000E+0	5.619614E+0	-4.573307E-3	47.095312E+0
97.100000E+0	0.000000E+0	50.000000E+0	5.807050E+0	-37.522284E-3	47.109375E+0
97.200000E+0	0.000000E+0	50.000000E+0	5.912481E+0	-38.789552E-3	47.109375E+0
97.300000E+0	0.000000E+0	50.000000E+0	5.852485E+0	-28.651406E-3	47.109375E+0
97.400000E+0	0.000000E+0	50.000000E+0	6.074690E+0	-37.522284E-3	47.123438E+0
97.500000E+0	0.000000E+0	50.000000E+0	5.969869E+0	-5.840576E-3	47.123438E+0
97.600000E+0	0.000000E+0	50.000000E+0	6.113902E+0	-43.858626E-3	47.123438E+0
97.700000E+0	0.000000E+0	50.000000E+0	6.121699E+0	-27.384137E-3	47.123438E+0
97.800000E+0	0.000000E+0	50.000000E+0	6.074942E+0	-37.522284E-3	47.137500E+0
97.900000E+0	0.000000E+0	50.000000E+0	6.082415E+0	-27.384137E-3	47.137500E+0
98.000000E+0	0.000000E+0	50.000000E+0	6.184943E+0	-42.591357E-3	47.137500E+0
98.100000E+0	0.000000E+0	50.000000E+0	6.518760E+0	-10.909649E-3	47.137500E+0
98.200000E+0	0.000000E+0	50.000000E+0	6.597310E+0	-24.849601E-3	47.137500E+0
98.300000E+0	0.000000E+0	50.000000E+0	6.818868E+0	-33.720479E-3	47.137500E+0
98.400000E+0	0.000000E+0	50.000000E+0	6.621989E+0	-32.453211E-3	47.137500E+0
98.500000E+0	0.000000E+0	50.000000E+0	6.605676E+0	-10.909649E-3	47.165625E+0
98.600000E+0	0.000000E+0	50.000000E+0	6.605676E+0	-3.306039E-3	47.179687E+0
98.700000E+0	0.000000E+0	50.000000E+0	6.489830E+0	-29.918674E-3	47.193750E+0
98.800000E+0	0.000000E+0	50.000000E+0	6.620769E+0	3.030303E-3	47.207813E+0
98.900000E+0	0.000000E+0	50.000000E+0	6.474759E+0	-24.849601E-3	47.221875E+0
99.000000E+0	0.000000E+0	50.000000E+0	6.665183E+0	-31.185942E-3	47.221875E+0
99.100000E+0	0.000000E+0	50.000000E+0	6.804086E+0	-40.056821E-3	47.221875E+0
99.200000E+0	0.000000E+0	50.000000E+0	7.316970E+0	-43.858626E-3	47.221875E+0
99.300000E+0	0.000000E+0	50.000000E+0	7.182068E+0	-31.185942E-3	47.221875E+0
99.400000E+0	0.000000E+0	50.000000E+0	7.198666E+0	-36.255016E-3	47.221875E+0
99.500000E+0	0.000000E+0	50.000000E+0	7.511395E+0	-32.453211E-3	47.221875E+0
99.600000E+0	0.000000E+0	50.000000E+0	7.575314E+0	-41.324089E-3	47.235937E+0
99.700000E+0	0.000000E+0	50.000000E+0	7.536022E+0	-10.909649E-3	47.235937E+0
99.800000E+0	0.000000E+0	50.000000E+0	7.272592E+0	-22.315064E-3	47.250000E+0
99.900000E+0	0.000000E+0	50.000000E+0	7.272592E+0	-32.453211E-3	47.250000E+0
100.000000E+0	0.000000E+0	50.000000E+0	7.338682E+0	-22.315064E-3	47.278125E+0
100.100000E+0	0.000000E+0	50.000000E+0	7.338682E+0	-18.513259E-3	47.292188E+0
100.200000E+0	0.000000E+0	50.000000E+0	7.078113E+0	-32.453211E-3	47.306250E+0
100.300000E+0	0.000000E+0	50.000000E+0	7.412561E+0	-42.591357E-3	47.306250E+0
100.400000E+0	0.000000E+0	50.000000E+0	7.202068E+0	-37.522284E-3	47.306250E+0
100.500000E+0	0.000000E+0	50.000000E+0	7.478130E+0	-8.375112E-3	47.306250E+0
100.600000E+0	0.000000E+0	50.000000E+0	7.598495E+0	-14.711454E-3	47.306250E+0
100.700000E+0	0.000000E+0	50.000000E+0	7.631279E+0	-41.324089E-3	47.306250E+0
100.800000E+0	0.000000E+0	50.000000E+0	7.473273E+0	-41.324089E-3	47.320312E+0
100.900000E+0	0.000000E+0	50.000000E+0	7.680894E+0	-34.987747E-3	47.320312E+0
101.000000E+0	0.000000E+0	50.000000E+0	7.684162E+0	-41.324089E-3	47.320312E+0
101.100000E+0	0.000000E+0	50.000000E+0	7.797739E+0	-10.909649E-3	47.320312E+0
101.200000E+0	0.000000E+0	50.000000E+0	7.972971E+0	-10.909649E-3	47.320312E+0
101.300000E+0	0.000000E+0	50.000000E+0	7.902221E+0	-2.038771E-3	47.334375E+0
101.400000E+0	0.000000E+0	50.000000E+0	7.821417E+0	-23.582332E-3	47.348438E+0
101.500000E+0	0.000000E+0	50.000000E+0	7.763584E+0	-3.306039E-3	47.376562E+0
101.600000E+0	0.000000E+0	50.000000E+0	7.763584E+0	-21.047796E-3	47.376562E+0
101.700000E+0	0.000000E+0	50.000000E+0	7.689682E+0	-9.642381E-3	47.376562E+0
101.800000E+0	0.000000E+0	50.000000E+0	7.837622E+0	-45.125894E-3	47.376562E+0
101.900000E+0	0.000000E+0	50.000000E+0	8.053679E+0	-33.720479E-3	47.376562E+0
102.000000E+0	0.000000E+0	50.000000E+0	8.227002E+0	-19.780527E-3	47.376562E+0
102.100000E+0	0.000000E+0	50.000000E+0	8.106303E+0	4.297571E-3	47.390625E+0
102.200000E+0	0.000000E+0	50.000000E+0	7.907431E+0	-2.038771E-3	47.404688E+0
102.300000E+0	0.000000E+0	50.000000E+0	7.907431E+0	-8.375112E-3	47.432813E+0
102.400000E+0	0.000000E+0	50.000000E+0	7.285663E+0	10.633912E-3	47.503125E+0
102.500000E+0	0.000000E+0	50.000000E+0	7.285663E+0	53.721035E-3	47.573438E+0
102.600000E+0	0.000000E+0	50.000000E+0	6.259167E+0	38.513815E-3	47.657812E+0
102.700000E+0	0.000000E+0	50.000000E+0	5.340633E+0	44.850157E-3	47.742187E+0
102.800000E+0	0.000000E+0	50.000000E+0	5.340633E+0	8.099376E-3	47.812500E+0
102.900000E+0	0.000000E+0	50.000000E+0	4.884192E+0	-18.513259E-3	47.854688E+0
103.000000E+0	0.000000E+0	50.000000E+0	4.884192E+0	-23.582332E-3	47.882812E+0
103.100000E+0	0.000000E+0	50.000000E+0	4.861678E+0	-32.453211E-3	47.896875E+0
103.200000E+0	0.000000E+0	50.000000E+0	4.783562E+0	-5.840576E-3	47.910938E+0
103.300000E+0	0.000000E+0	50.000000E+0	4.884438E+0	-7.107844E-3	47.910938E+0
103.400000E+0	0.000000E+0	50.000000E+0	4.708688E+0	-9.642381E-3	47.910938E+0
103.500000E+0	0.000000E+0	50.000000E+0	4.902720E+0	-37.522284E-3	47.925000E+0
103.600000E+0	0.000000E+0	50.000000E+0	4.905961E+0	-8.375112E-3	47.925000E+0
103.700000E+0	0.000000E+0	50.000000E+0	4.924509E+0	-3.306039E-3	47.939062E+0
103.800000E+0	0.000000E+0	50.000000E+0	4.924509E+0	-18.513259E-3	47.939062E+0
103.900000E+0	0.000000E+0	50.000000E+0	4.945652E+0	-34.987747E-3	47.953125E+0
104.000000E+0	0.000000E+0	50.000000E+0	4.945652E+0	-4.573307E-3	47.953125E+0
104.100000E+0	0.000000E+0	50.000000E+0	4.781256E+0	-36.255016E-3	47.967188E+0
104.200000E+0	0.000000E+0	50.000000E+0	4.666754E+0	-36.255016E-3	47.967188E+0
104.300000E+0	0.000000E+0	50.000000E+0	4.666754E+0	-42.591357E-3	47.967188E+0
104.400000E+0	0.000000E+0	50.000000E+0	4.830298E+0	-13.444186E-3	47.967188E+0
104.500000E+0	0.000000E+0	50.000000E+0	5.013304E+0	-3.306039E-3	47.981250E+0
104.600000E+0	0.000000E+0	50.000000E+0	4.723319E+0	-32.453211E-3	47.995313E+0
104.700000E+0	0.000000E+0	50.000000E+0	4.841715E+0	-13.444186E-3	47.995313E+0
104.800000E+0	0.000000E+0	50.000000E+0	4.840484E+0	-33.720479E-3	48.009375E+0
104.900000E+0	0.000000E+0	50.000000E+0	4.840484E+0	495.765883E-6	48.023437E+0
105.000000E+0	0.000000E+0	50.000000E+0	4.650670E+0	-19.780527E-3	48.051563E+0
105.100000E+0	0.000000E+0	50.000000E+0	4.650670E+0	-17.245991E-3	48.065625E+0
105.200000E+0	0.000000E+0	50.000000E+0	4.113721E+0	-24.849601E-3	48.093750E+0
105.300000E+0	0.000000E+0	50.000000E+0	4.214222E+0	-28.651406E-3	48.107813E+0
105.400000E+0	0.000000E+0	50.000000E+0	3.891808E+0	-14.711454E-3	48.135938E+0
105.500000E+0	0.000000E+0	50.000000E+0	4.094549E+0	-12.176917E-3	48.150000E+0
105.600000E+0	0.000000E+0	50.000000E+0	4.094549E+0	-24.849601E-3	48.150000E+0
105.700000E+0	0.000000E+0	50.000000E+0	4.135178E+0	-33.720479E-3	48.150000E+0
105.800000E+0	0.000000E+0	50.000000E+0	3.918835E+0	-24.849601E-3	48.164062E+0
105.900000E+0	0.000000E+0	50.000000E+0	3.902690E+0	-8.375112E-3	48.164062E+0
106.000000E+0	0.000000E+0	50.000000E+0	4.236864E+0	-41.324089E-3	48.164062E+0
106.100000E+0	0.000000E+0	50.000000E+0	4.236864E+0	-31.185942E-3	48.164062E+0
106.200000E+0	0.000000E+0	50.000000E+0	4.457582E+0	-33.720479E-3	48.164062E+0
106.300000E+0	0.000000E+0	50.000000E+0	4.457582E+0	-9.642381E-3	48.178125E+0
106.400000E+0	0.000000E+0	50.000000E+0	4.243908E+0	-38.789552E-3	48.178125E+0
106.500000E+0	0.000000E+0	50.000000E+0	4.243908E+0	-37.522284E-3	48.178125E+0
106.600000E+0	0.000000E+0	50.000000E+0	4.327744E+0	-38.789552E-3	48.178125E+0
106.700000E+0	0.000000E+0	50.000000E+0	4.233426E+0	-19.780527E-3	48.178125E+0
106.800000E+0	0.000000E+0	50.000000E+0	4.304537E+0	-31.185942E-3	48.178125E+0
106.900000E+0	0.000000E+0	50.000000E+0	4.304537E+0	-45.125894E-3	48.178125E+0
107.000000E+0	0.000000E+0	50.000000E+0	4.514877E+0	-34.987747E-3	48.178125E+0
107.100000E+0	0.000000E+0	50.000000E+0	4.517870E+0	-36.255016E-3	48.178125E+0
107.200000E+0	0.000000E+0	50.000000E+0	4.417653E+0	-15.978722E-3	48.192188E+0
107.300000E+0	0.000000E+0	50.000000E+0	4.417653E+0	-37.522284E-3	48.192188E+0
107.400000E+0	0.000000E+0	50.000000E+0	4.549497E+0	-42.591357E-3	48.192188E+0
107.500000E+0	0.000000E+0	50.000000E+0	4.549497E+0	-45.125894E-3	48.192188E+0
107.600000E+0	0.000000E+0	50.000000E+0	4.632685E+0	-59.065846E-3	48.192188E+0
107.700000E+0	0.000000E+0	50.000000E+0	4.632685E+0	-29.918674E-3	48.192188E+0
107.800000E+0	0.000000E+0	50.000000E+0	4.657487E+0	-5.840576E-3	48.192188E+0
107.900000E+0	0.000000E+0	50.000000E+0	4.625064E+0	-32.453211E-3	48.206250E+0
108.000000E+0	0.000000E+0	50.000000E+0	4.625064E+0	-38.789552E-3	48.206250E+0
108.100000E+0	0.000000E+0	50.000000E+0	4.658949E+0	-26.116869E-3	48.206250E+0
108.200000E+0	0.000000E+0	50.000000E+0	4.658949E+0	-33.720479E-3	48.206250E+0
108.300000E+0	0.000000E+0	50.000000E+0	4.576062E+0	-34.987747E-3	48.206250E+0
108.400000E+0	0.000000E+0	50.000000E+0	4.630895E+0	-21.047796E-3	48.220312E+0
108.500000E+0	0.000000E+0	50.000000E+0	4.630895E+0	-37.522284E-3	48.220312E+0
108.600000E+0	0.000000E+0	50.000000E+0	4.712789E+0	-32.453211E-3	48.234375E+0
108.700000E+0	0.000000E+0	50.000000E+0	4.718644E+0	-29.918674E-3	48.234375E+0
108.800000E+0	0.000000E+0	50.000000E+0	4.788460E+0	-7.107844E-3	48.234375E+0
108.900000E+0	0.000000E+0	50.000000E+0	4.774529E+0	-28.651406E-3	48.248438E+0
109.000000E+0	0.000000E+0	50.000000E+0	4.503434E+0	-4.573307E-3	48.262500E+0
109.100000E+0	0.000000E+0	50.000000E+0	4.503434E+0	-19.780527E-3	48.262500E+0
109.200000E+0	0.000000E+0	50.000000E+0	4.669222E+0	-38.789552E-3	48.276563E+0
109.300000E+0	0.000000E+0	50.000000E+0	4.523984E+0	-13.444186E-3	48.276563E+0
109.400000E+0	0.000000E+0	50.000000E+0	4.523984E+0	-36.255016E-3	48.276563E+0
109.500000E+0	0.000000E+0	50.000000E+0	4.748528E+0	-32.453211E-3	48.276563E+0
109.600000E+0	0.000000E+0	50.000000E+0	4.837565E+0	-43.858626E-3	48.290625E+0
109.700000E+0	0.000000E+0	50.000000E+0	4.837565E+0	-10.909649E-3	48.290625E+0
109.800000E+0	0.000000E+0	50.000000E+0	4.852666E+0	-38.789552E-3	48.290625E+0
109.900000E+0	0.000000E+0	50.000000E+0	4.814146E+0	-45.125894E-3	48.290625E+0
110.000000E+0	0.000000E+0	50.000000E+0	4.960518E+0	-36.255016E-3	48.290625E+0
110.100000E+0	0.000000E+0	50.000000E+0	4.960518E+0	-5.840576E-3	48.290625E+0
110.200000E+0	0.000000E+0	50.000000E+0	5.039176E+0	-36.255016E-3	48.290625E+0
110.300000E+0	0.000000E+0	50.000000E+0	4.835228E+0	-13.444186E-3	48.304687E+0
110.400000E+0	0.000000E+0	50.000000E+0	5.014624E+0	-42.591357E-3	48.304687E+0
110.500000E+0	0.000000E+0	50.000000E+0	4.820084E+0	-33.720479E-3	48.304687E+0
110.600000E+0	0.000000E+0	50.000000E+0	5.053712E+0	-36.255016E-3	48.304687E+0
110.700000E+0	0.000000E+0	50.000000E+0	4.946751E+0	-9.642381E-3	48.304687E+0
110.800000E+0	0.000000E+0	50.000000E+0	5.200003E+0	-36.255016E-3	48.304687E+0
110.900000E+0	0.000000E+0	50.000000E+0	5.093124E+0	-12.176917E-3	48.304687E+0
111.000000E+0	0.000000E+0	50.000000E+0	5.414494E+0	-37.522284E-3	48.304687E+0
111.100000E+0	0.000000E+0	50.000000E+0	5.482775E+0	-37.522284E-3	48.304687E+0
111.200000E+0	0.000000E+0	50.000000E+0	5.619254E+0	-32.453211E-3	48.304687E+0
111.300000E+0	0.000000E+0	50.000000E+0	5.580493E+0	-24.849601E-3	48.304687E+0
111.400000E+0	0.000000E+0	50.000000E+0	5.648936E+0	-36.255016E-3	48.304687E+0
111.500000E+0	0.000000E+0	50.000000E+0	5.658748E+0	-34.987747E-3	48.318750E+0
111.600000E+0	0.000000E+0	50.000000E+0	5.662419E+0	-13.444186E-3	48.318750E+0
111.700000E+0	0.000000E+0	50.000000E+0	5.778466E+0	-12.176917E-3	48.318750E+0
111.800000E+0	0.000000E+0	50.000000E+0	5.768492E+0	-37.522284E-3	48.318750E+0
111.900000E+0	0.000000E+0	50.000000E+0	5.826394E+0	-4.573307E-3	48.318750E+0
112.000000E+0	0.000000E+0	50.000000E+0	6.078434E+0	-10.909649E-3	48.318750E+0
112.100000E+0	0.000000E+0	50.000000E+0	6.272814E+0	-31.185942E-3	48.318750E+0
112.200000E+0	0.000000E+0	50.000000E+0	6.159630E+0	-28.651406E-3	48.332813E+0
112.300000E+0	0.000000E+0	50.000000E+0	5.909888E+0	-29.918674E-3	48.346875E+0
112.400000E+0	0.000000E+0	50.000000E+0	5.909888E+0	-36.255016E-3	48.346875E+0
112.500000E+0	0.000000E+0	50.000000E+0	5.902210E+0	-9.642381E-3	48.360937E+0
112.600000E+0	0.000000E+0	50.000000E+0	5.902210E+0	-42.591357E-3	48.360937E+0
112.700000E+0	0.000000E+0	50.000000E+0	5.949652E+0	-37.522284E-3	48.360937E+0
112.800000E+0	0.000000E+0	50.000000E+0	6.219697E+0	-36.255016E-3	48.360937E+0
112.900000E+0	0.000000E+0	50.000000E+0	6.267140E+0	-4.573307E-3	48.360937E+0
113.000000E+0	0.000000E+0	50.000000E+0	6.295120E+0	-32.453211E-3	48.375000E+0
113.100000E+0	0.000000E+0	50.000000E+0	6.145873E+0	-23.582332E-3	48.389063E+0
113.200000E+0	0.000000E+0	50.000000E+0	6.145873E+0	-27.384137E-3	48.389063E+0
113.300000E+0	0.000000E+0	50.000000E+0	6.171347E+0	-31.185942E-3	48.389063E+0
113.400000E+0	0.000000E+0	50.000000E+0	6.072176E+0	-37.522284E-3	48.389063E+0
113.500000E+0	0.000000E+0	50.000000E+0	6.313593E+0	-40.056821E-3	48.389063E+0
113.600000E+0	0.000000E+0	50.000000E+0	6.189061E+0	-36.255016E-3	48.403125E+0
113.700000E+0	0.000000E+0	50.000000E+0	6.189061E+0	-9.642381E-3	48.403125E+0
113.800000E+0	0.000000E+0	50.000000E+0	6.155501E+0	-32.453211E-3	48.403125E+0
113.900000E+0	0.000000E+0	50.000000E+0	6.318746E+0	-38.789552E-3	48.403125E+0
114.000000E+0	0.000000E+0	50.000000E+0	6.345756E+0	-31.185942E-3	48.417188E+0
114.100000E+0	0.000000E+0	50.000000E+0	6.318210E+0	-46.393162E-3	48.417188E+0
114.200000E+0	0.000000E+0	50.000000E+0	6.179468E+0	-37.522284E-3	48.417188E+0
114.300000E+0	0.000000E+0	50.000000E+0	6.381017E+0	-19.780527E-3	48.417188E+0
114.400000E+0	0.000000E+0	50.000000E+0	6.543939E+0	-771.502440E-6	48.417188E+0
114.500000E+0	0.000000E+0	50.000000E+0	6.453852E+0	-36.255016E-3	48.417188E+0
114.600000E+0	0.000000E+0	50.000000E+0	6.373496E+0	-42.591357E-3	48.417188E+0
114.700000E+0	0.000000E+0	50.000000E+0	6.667639E+0	-12.176917E-3	48.417188E+0
114.800000E+0	0.000000E+0	50.000000E+0	6.577552E+0	-26.116869E-3	48.431250E+0
114.900000E+0	0.000000E+0	50.000000E+0	6.695650E+0	-38.789552E-3	48.431250E+0
115.000000E+0	0.000000E+0	50.000000E+0	6.695650E+0	-38.789552E-3	48.431250E+0
115.100000E+0	0.000000E+0	50.000000E+0	6.758106E+0	-37.522284E-3	48.431250E+0
115.200000E+0	0.000000E+0	50.000000E+0	6.803931E+0	-41.324089E-3	48.431250E+0
115.300000E+0	0.000000E+0	50.000000E+0	6.763177E+0	-5.840576E-3	48.445312E+0
115.400000E+0	0.000000E+0	50.000000E+0	6.555670E+0	-42.591357E-3	48.445312E+0
115.500000E+0	0.000000E+0	50.000000E+0	6.555670E+0	-23.582332E-3	48.445312E+0
115.600000E+0	0.000000E+0	50.000000E+0	6.834718E+0	-33.720479E-3	48.459375E+0
115.700000E+0	0.000000E+0	50.000000E+0	6.763800E+0	-41.324089E-3	48.459375E+0
115.800000E+0	0.000000E+0	50.000000E+0	6.763800E+0	-28.651406E-3	48.459375E+0
115.900000E+0	0.000000E+0	50.000000E+0	6.669264E+0	-8.375112E-3	48.459375E+0
116.000000E+0	0.000000E+0	50.000000E+0	6.714442E+0	-37.522284E-3	48.459375E+0
116.100000E+0	0.000000E+0	50.000000E+0	6.818007E+0	-43.858626E-3	48.459375E+0
116.200000E+0	0.000000E+0	50.000000E+0	7.048075E+0	-43.858626E-3	48.459375E+0
116.300000E+0	0.000000E+0	50.000000E+0	7.154415E+0	-14.711454E-3	48.459375E+0
116.400000E+0	0.000000E+0	50.000000E+0	7.186384E+0	-38.789552E-3	48.459375E+0
116.500000E+0	0.000000E+0	50.000000E+0	7.185682E+0	-43.858626E-3	48.459375E+0
116.600000E+0	0.000000E+0	50.000000E+0	6.981683E+0	-17.245991E-3	48.473438E+0
116.700000E+0	0.000000E+0	50.000000E+0	7.104386E+0	-34.987747E-3	48.473438E+0
116.800000E+0	0.000000E+0	50.000000E+0	7.090854E+0	-14.711454E-3	48.473438E+0
116.900000E+0	0.000000E+0	50.000000E+0	7.310868E+0	-45.125894E-3	48.473438E+0
117.000000E+0	0.000000E+0	50.000000E+0	7.394647E+0	-34.987747E-3	48.473438E+0
117.100000E+0	0.000000E+0	50.000000E+0	7.137837E+0	-15.978722E-3	48.487500E+0
117.200000E+0	0.000000E+0	50.000000E+0	7.244909E+0	-3.306039E-3	48.487500E+0
117.300000E+0	0.000000E+0	50.000000E+0	7.244616E+0	-27.384137E-3	48.501562E+0
117.400000E+0	0.000000E+0	50.000000E+0	6.981260E+0	-12.176917E-3	48.515625E+0
117.500000E+0	0.000000E+0	50.000000E+0	6.981260E+0	-47.660431E-3	48.515625E+0
117.600000E+0	0.000000E+0	50.000000E+0	7.258877E+0	-33.720479E-3	48.515625E+0
117.700000E+0	0.000000E+0	50.000000E+0	7.361335E+0	-46.393162E-3	48.515625E+0
117.800000E+0	0.000000E+0	50.000000E+0	7.410177E+0	-31.185942E-3	48.515625E+0
117.900000E+0	0.000000E+0	50.000000E+0	7.546787E+0	-33.720479E-3	48.515625E+0
118.000000E+0	0.000000E+0	50.000000E+0	7.560401E+0	-32.453211E-3	48.529688E+0
118.100000E+0	0.000000E+0	50.000000E+0	7.560401E+0	-43.858626E-3	48.529688E+0
118.200000E+0	0.000000E+0	50.000000E+0	7.550210E+0	-21.047796E-3	48.529688E+0
118.300000E+0	0.000000E+0	50.000000E+0	7.545115E+0	-45.125894E-3	48.529688E+0
118.400000E+0	0.000000E+0	50.000000E+0	7.569213E+0	-32.453211E-3	48.529688E+0
118.500000E+0	0.000000E+0	50.000000E+0	7.490100E+0	-38.789552E-3	48.543750E+0
118.600000E+0	0.000000E+0	50.000000E+0	7.571154E+0	-22.315064E-3	48.543750E+0
118.700000E+0	0.000000E+0	50.000000E+0	7.803594E+0	-29.918674E-3	48.543750E+0
118.800000E+0	0.000000E+0	50.000000E+0	7.996002E+0	-23.582332E-3	48.543750E+0
118.900000E+0	0.000000E+0	50.000000E+0	7.932196E+0	-27.384137E-3	48.543750E+0
119.000000E+0	0.000000E+0	50.000000E+0	8.021070E+0	-28.651406E-3	48.557813E+0
119.100000E+0	0.000000E+0	50.000000E+0	8.021070E+0	-13.444186E-3	48.571875E+0
119.200000E+0	0.000000E+0	50.000000E+0	7.921849E+0	-32.453211E-3	48.585937E+0
119.300000E+0	0.000000E+0	50.000000E+0	7.802841E+0	-14.711454E-3	48.614063E+0
119.400000E+0	0.000000E+0	50.000000E+0	7.648417E+0	-19.780527E-3	48.628125E+0
119.500000E+0	0.000000E+0	50.000000E+0	7.324086E+0	-32.453211E-3	48.642187E+0
119.600000E+0	0.000000E+0	50.000000E+0	7.324086E+0	-21.047796E-3	48.670313E+0
119.700000E+0	0.000000E+0	50.000000E+0	7.269834E+0	-17.245991E-3	48.698438E+0
119.800000E+0	0.000000E+0	50.000000E+0	6.942141E+0	-15.978722E-3	48.726562E+0
