0.000000E+0	0.000000E+0	50.000000E+0	100.000000E-3	-37.522284E-3	-0.000000E+0
100.000000E-3	0.000000E+0	50.000000E+0	100.000000E-3	-28.651406E-3	-0.000000E+0
200.000000E-3	0.000000E+0	50.000000E+0	100.000000E-3	-23.582332E-3	-0.000000E+0
300.000000E-3	0.000000E+0	50.000000E+0	100.000000E-3	-14.711454E-3	-0.000000E+0
400.000000E-3	0.000000E+0	50.000000E+0	100.000000E-3	-37.522284E-3	-0.000000E+0
500.000000E-3	0.000000E+0	50.000000E+0	100.000000E-3	-26.116869E-3	-0.000000E+0
600.000000E-3	0.000000E+0	50.000000E+0	100.000000E-3	-37.522284E-3	-0.000000E+0
700.000000E-3	0.000000E+0	50.000000E+0	100.000000E-3	-43.858626E-3	-0.000000E+0
800.000000E-3	0.000000E+0	50.000000E+0	100.000000E-3	-40.056821E-3	-0.000000E+0
900.000000E-3	0.000000E+0	50.000000E+0	100.000000E-3	-40.056821E-3	-0.000000E+0
1.000000E+0	0.000000E+0	50.000000E+0	100.000000E-3	-41.324089E-3	-0.000000E+0
1.100000E+0	0.000000E+0	50.000000E+0	100.000000E-3	-45.125894E-3	-0.000000E+0
1.200000E+0	0.000000E+0	50.000000E+0	100.000000E-3	-21.047796E-3	-0.000000E+0
1.300000E+0	0.000000E+0	50.000000E+0	100.000000E-3	-33.720479E-3	-0.000000E+0
1.400000E+0	0.000000E+0	50.000000E+0	100.000000E-3	-36.255016E-3	-0.000000E+0
1.500000E+0	0.000000E+0	50.000000E+0	100.000000E-3	-18.513259E-3	-0.000000E+0
1.600000E+0	0.000000E+0	50.000000E+0	100.000000E-3	-29.918674E-3	-0.000000E+0
1.700000E+0	0.000000E+0	50.000000E+0	100.000000E-3	-40.056821E-3	-0.000000E+0
1.800000E+0	0.000000E+0	50.000000E+0	10.294229E+0	27.108401E-3	14.062500E-3
1.900000E+0	0.000000E+0	50.000000E+0	19.452569E+0	261.553036E-3	239.062500E-3
2.000000E+0	0.000000E+0	50.000000E+0	19.452569E+0	546.688392E-3	900.000000E-3
2.100000E+0	0.000000E+0	50.000000E+0	19.452569E+0	801.409301E-3	1.926562E+0
2.200000E+0	0.000000E+0	50.000000E+0	19.452569E+0	1.033319E+0	3.304687E+0
2.300000E+0	0.000000E+0	50.000000E+0	63.982670E+0	-222.543463E-3	4.289062E+0
2.400000E+0	0.000000E+0	50.000000E+0	27.295705E+0	-1.461932E+0	2.840625E+0
2.500000E+0	0.000000E+0	50.000000E+0	45.368277E+0	-1.390965E+0	562.500000E-3
2.600000E+0	0.000000E+0	50.000000E+0	67.989534E+0	288.165669E-3	-154.687500E-3
2.700000E+0	0.000000E+0	50.000000E+0	21.179743E+0	2.096557E+0	1.645312E+0
2.800000E+0	0.000000E+0	50.000000E+0	49.567443E+0	2.285380E+0	4.837500E+0
2.900000E+0	0.000000E+0	50.000000E+0	64.335114E+0	545.421124E-3	6.932812E+0
3.000000E+0	0.000000E+0	50.000000E+0	10.073524E+0	-1.113433E+0	6.342188E+0
3.100000E+0	0.000000E+0	50.000000E+0	10.073524E+0	-1.660893E+0	3.796875E+0
3.200000E+0	0.000000E+0	50.000000E+0	67.656399E+0	-252.957903E-3	1.968750E+0
3.300000E+0	0.000000E+0	50.000000E+0	69.700171E+0	1.768335E+0	3.164062E+0
3.400000E+0	0.000000E+0	50.000000E+0	1.865617E+0	2.030659E+0	6.539062E+0
3.500000E+0	0.000000E+0	50.000000E+0	67.891934E+0	1.238617E+0	9.407813E+0
3.600000E+0	0.000000E+0	50.000000E+0	58.723517E+0	-966.430032E-3	9.520313E+0
3.700000E+0	0.000000E+0	50.000000E+0	28.002216E+0	-1.923218E+0	7.143750E+0
3.800000E+0	0.000000E+0	50.000000E+0	66.800277E+0	-621.733009E-3	5.217188E+0
3.900000E+0	0.000000E+0	50.000000E+0	34.106393E+0	1.201866E+0	5.681250E+0
4.000000E+0	0.000000E+0	50.000000E+0	28.082843E+0	1.957158E+0	8.128125E+0
4.100000E+0	0.000000E+0	50.000000E+0	28.082843E+0	981.361381E-3	10.378125E+0
4.200000E+0	0.000000E+0	50.000000E+0	46.785026E+0	-340.399421E-3	10.912500E+0
4.300000E+0	0.000000E+0	50.000000E+0	15.057493E+0	-1.022190E+0	9.759375E+0
4.400000E+0	0.000000E+0	50.000000E+0	31.672546E+0	-430.375477E-3	8.535938E+0
4.500000E+0	0.000000E+0	50.000000E+0	37.455298E+0	483.324981E-3	8.704688E+0
4.600000E+0	0.000000E+0	50.000000E+0	7.119270E+0	1.173986E+0	10.181250E+0
4.700000E+0	0.000000E+0	50.000000E+0	20.292525E+0	976.292309E-3	11.798438E+0
4.800000E+0	0.000000E+0	50.000000E+0	29.010892E+0	155.102500E-3	12.628125E+0
4.900000E+0	0.000000E+0	50.000000E+0	1.307163E+0	-609.060324E-3	12.332813E+0
5.000000E+0	0.000000E+0	50.000000E+0	23.334449E+0	-505.144313E-3	11.559375E+0
5.100000E+0	0.000000E+0	50.000000E+0	22.900154E+0	142.429817E-3	11.320312E+0
5.200000E+0	0.000000E+0	50.000000E+0	22.900154E+0	636.664436E-3	11.953125E+0
5.300000E+0	0.000000E+0	50.000000E+0	1.989428E+0	679.751555E-3	13.035938E+0
5.400000E+0	0.000000E+0	50.000000E+0	10.057648E+0	310.976498E-3	13.837500E+0
5.500000E+0	0.000000E+0	50.000000E+0	9.096671E+0	-23.582332E-3	14.090625E+0
5.600000E+0	0.000000E+0	50.000000E+0	2.361941E+0	-102.152969E-3	13.964063E+0
5.700000E+0	0.000000E+0	50.000000E+0	10.742617E+0	16.970254E-3	13.935937E+0
5.800000E+0	0.000000E+0	50.000000E+0	14.175547E+0	80.333670E-3	14.062500E+0
5.900000E+0	0.000000E+0	50.000000E+0	13.310583E+0	198.189622E-3	14.315625E+0
6.000000E+0	0.000000E+0	50.000000E+0	9.883496E+0	341.390937E-3	14.751563E+0
6.100000E+0	0.000000E+0	50.000000E+0	9.883496E+0	346.460010E-3	15.314063E+0
6.200000E+0	0.000000E+0	50.000000E+0	2.650454E+0	207.060500E-3	15.890625E+0
6.300000E+0	0.000000E+0	50.000000E+0	1.255336E+0	156.369768E-3	16.214063E+0
6.400000E+0	0.000000E+0	50.000000E+0	2.107752E+0	32.177474E-3	16.410937E+0
6.500000E+0	0.000000E+0	50.000000E+0	8.590216E+0	495.765883E-6	16.453125E+0
6.600000E+0	0.000000E+0	50.000000E+0	14.075299E+0	75.264597E-3	16.509375E+0
6.700000E+0	0.000000E+0	50.000000E+0	15.730926E+0	190.586012E-3	16.734375E+0
6.800000E+0	0.000000E+0	50.000000E+0	8.191524E+0	389.547131E-3	17.212500E+0
6.900000E+0	0.000000E+0	50.000000E+0	113.113396E-3	392.081667E-3	17.859375E+0
7.000000E+0	0.000000E+0	50.000000E+0	1.414302E+0	205.793231E-3	18.365625E+0
7.100000E+0	0.000000E+0	50.000000E+0	1.414302E+0	82.868206E-3	18.660937E+0
7.200000E+0	0.000000E+0	50.000000E+0	918.935442E-3	11.901181E-3	18.759375E+0
7.300000E+0	0.000000E+0	50.000000E+0	7.679344E+0	20.772059E-3	18.787500E+0
7.400000E+0	0.000000E+0	50.000000E+0	11.526401E+0	94.273621E-3	18.900000E+0
7.500000E+0	0.000000E+0	50.000000E+0	11.814726E+0	199.456890E-3	19.167188E+0
7.600000E+0	0.000000E+0	50.000000E+0	8.399022E+0	341.390937E-3	19.617187E+0
7.700000E+0	0.000000E+0	50.000000E+0	902.708232E-3	333.787327E-3	20.165625E+0
7.800000E+0	0.000000E+0	50.000000E+0	980.865176E-3	169.042451E-3	20.587500E+0
7.900000E+0	0.000000E+0	50.000000E+0	3.107997E+0	41.048352E-3	20.784375E+0
8.000000E+0	0.000000E+0	50.000000E+0	8.623834E+0	-31.185942E-3	20.826563E+0
8.100000E+0	0.000000E+0	50.000000E+0	11.238688E+0	44.850157E-3	20.896875E+0
8.200000E+0	0.000000E+0	50.000000E+0	9.974513E+0	179.180597E-3	21.135938E+0
8.300000E+0	0.000000E+0	50.000000E+0	9.974513E+0	196.922353E-3	21.473437E+0
8.400000E+0	0.000000E+0	50.000000E+0	7.165205E+0	201.991426E-3	21.825000E+0
8.500000E+0	0.000000E+0	50.000000E+0	5.040320E+0	204.525963E-3	22.162500E+0
8.600000E+0	0.000000E+0	50.000000E+0	4.173247E+0	176.646061E-3	22.471875E+0
8.700000E+0	0.000000E+0	50.000000E+0	4.612588E+0	75.264597E-3	22.696875E+0
8.800000E+0	0.000000E+0	50.000000E+0	7.391731E+0	67.660987E-3	22.823438E+0
8.900000E+0	0.000000E+0	50.000000E+0	10.639379E+0	61.324645E-3	22.950000E+0
9.000000E+0	0.000000E+0	50.000000E+0	10.307127E+0	198.189622E-3	23.189063E+0
9.100000E+0	0.000000E+0	50.000000E+0	3.461440E+0	299.571084E-3	23.639063E+0
9.200000E+0	0.000000E+0	50.000000E+0	187.853614E-3	201.991426E-3	24.089063E+0
9.300000E+0	0.000000E+0	50.000000E+0	1.616123E+0	119.618987E-3	24.356250E+0
9.400000E+0	0.000000E+0	50.000000E+0	5.658704E+0	29.642937E-3	24.468750E+0
9.500000E+0	0.000000E+0	50.000000E+0	5.658704E+0	47.384694E-3	24.539062E+0
9.600000E+0	0.000000E+0	50.000000E+0	9.319296E+0	160.171573E-3	24.665625E+0
9.700000E+0	0.000000E+0	50.000000E+0	8.052144E+0	151.300695E-3	24.918750E+0
9.800000E+0	0.000000E+0	50.000000E+0	6.962226E+0	171.576987E-3	25.214063E+0
9.900000E+0	0.000000E+0	50.000000E+0	5.417275E+0	158.904305E-3	25.523437E+0
10.000000E+0	0.000000E+0	50.000000E+0	2.385484E+0	175.378792E-3	25.846875E+0
10.100000E+0	0.000000E+0	50.000000E+0	1.303295E+0	122.153524E-3	26.114062E+0
10.200000E+0	0.000000E+0	50.000000E+0	5.346697E+0	25.841132E-3	26.240625E+0
10.300000E+0	0.000000E+0	50.000000E+0	10.268275E+0	-26.116869E-3	26.254687E+0
10.400000E+0	0.000000E+0	50.000000E+0	12.492356E+0	63.859182E-3	26.310938E+0
10.500000E+0	0.000000E+0	50.000000E+0	10.158708E+0	207.060500E-3	26.550000E+0
10.600000E+0	0.000000E+0	50.000000E+0	10.158708E+0	323.649181E-3	26.971875E+0
10.700000E+0	0.000000E+0	50.000000E+0	1.893596E+0	228.604060E-3	27.435938E+0
10.800000E+0	0.000000E+0	50.000000E+0	1.327657E+0	77.799133E-3	27.703125E+0
10.900000E+0	0.000000E+0	50.000000E+0	2.678539E+0	-40.056821E-3	27.745313E+0
11.000000E+0	0.000000E+0	50.000000E+0	7.661729E+0	-24.849601E-3	27.745313E+0
11.100000E+0	0.000000E+0	50.000000E+0	11.194970E+0	51.186499E-3	27.801562E+0
11.200000E+0	0.000000E+0	50.000000E+0	12.255399E+0	152.567963E-3	28.012500E+0
11.300000E+0	0.000000E+0	50.000000E+0	8.759827E+0	205.793231E-3	28.378125E+0
11.400000E+0	0.000000E+0	50.000000E+0	5.406734E+0	196.922353E-3	28.715625E+0
11.500000E+0	0.000000E+0	50.000000E+0	3.691272E+0	99.342694E-3	28.968750E+0
11.600000E+0	0.000000E+0	50.000000E+0	6.094691E+0	39.781084E-3	29.095313E+0
11.700000E+0	0.000000E+0	50.000000E+0	7.653918E+0	61.324645E-3	29.193750E+0
11.800000E+0	0.000000E+0	50.000000E+0	9.210727E+0	80.333670E-3	29.320312E+0
11.900000E+0	0.000000E+0	50.000000E+0	9.210727E+0	112.015377E-3	29.503125E+0
12.000000E+0	0.000000E+0	50.000000E+0	7.202456E+0	122.153524E-3	29.756250E+0
12.100000E+0	0.000000E+0	50.000000E+0	5.966979E+0	105.679036E-3	29.967188E+0
12.200000E+0	0.000000E+0	50.000000E+0	6.262454E+0	47.384694E-3	30.135938E+0
12.300000E+0	0.000000E+0	50.000000E+0	7.352750E+0	39.781084E-3	30.276563E+0
12.400000E+0	0.000000E+0	50.000000E+0	6.500679E+0	79.066401E-3	30.445312E+0
12.500000E+0	0.000000E+0	50.000000E+0	5.799018E+0	132.291670E-3	30.656250E+0
12.600000E+0	0.000000E+0	50.000000E+0	5.995399E+0	72.730060E-3	30.839063E+0
12.700000E+0	0.000000E+0	50.000000E+0	5.995399E+0	28.375669E-3	30.979688E+0
12.800000E+0	0.000000E+0	50.000000E+0	7.387224E+0	15.702986E-3	31.035937E+0
12.900000E+0	0.000000E+0	50.000000E+0	10.837930E+0	23.306596E-3	31.092188E+0
13.000000E+0	0.000000E+0	50.000000E+0	11.833704E+0	118.351719E-3	31.232813E+0
13.100000E+0	0.000000E+0	50.000000E+0	7.244234E+0	245.078548E-3	31.542188E+0
13.200000E+0	0.000000E+0	50.000000E+0	1.509531E+0	205.793231E-3	31.921875E+0
13.300000E+0	0.000000E+0	50.000000E+0	986.156353E-3	80.333670E-3	32.189062E+0
13.400000E+0	0.000000E+0	50.000000E+0	5.272222E+0	-33.720479E-3	32.273437E+0
13.500000E+0	0.000000E+0	50.000000E+0	5.272222E+0	-40.056821E-3	32.273437E+0
13.600000E+0	0.000000E+0	50.000000E+0	12.109393E+0	19.504791E-3	32.287500E+0
13.700000E+0	0.000000E+0	50.000000E+0	12.109393E+0	127.222597E-3	32.414062E+0
13.800000E+0	0.000000E+0	50.000000E+0	5.212771E+0	222.267719E-3	32.723438E+0
13.900000E+0	0.000000E+0	50.000000E+0	5.212771E+0	246.345816E-3	33.145313E+0
14.000000E+0	0.000000E+0	50.000000E+0	1.913002E+0	124.688060E-3	33.496875E+0
14.100000E+0	0.000000E+0	50.000000E+0	1.898861E+0	-27.384137E-3	33.609375E+0
14.200000E+0	0.000000E+0	50.000000E+0	2.991564E+0	-40.056821E-3	33.595312E+0
14.300000E+0	0.000000E+0	50.000000E+0	6.148225E+0	30.910206E-3	33.623438E+0
14.400000E+0	0.000000E+0	50.000000E+0	7.203062E+0	56.255572E-3	33.707813E+0
14.500000E+0	0.000000E+0	50.000000E+0	7.566615E+0	80.333670E-3	33.834375E+0
14.600000E+0	0.000000E+0	50.000000E+0	4.038411E+0	142.429817E-3	34.073438E+0
14.700000E+0	0.000000E+0	50.000000E+0	2.634380E+0	118.351719E-3	34.312500E+0
14.800000E+0	0.000000E+0	50.000000E+0	3.217882E+0	30.910206E-3	34.495313E+0
14.900000E+0	0.000000E+0	50.000000E+0	6.171400E+0	-26.116869E-3	34.537500E+0
15.000000E+0	0.000000E+0	50.000000E+0	6.171400E+0	-19.780527E-3	34.551563E+0
15.100000E+0	0.000000E+0	50.000000E+0	8.599657E+0	6.832107E-3	34.593750E+0
15.200000E+0	0.000000E+0	50.000000E+0	8.951073E+0	73.997328E-3	34.706250E+0
15.300000E+0	0.000000E+0	50.000000E+0	8.623211E+0	124.688060E-3	34.903125E+0
15.400000E+0	0.000000E+0	50.000000E+0	5.338196E+0	134.826207E-3	35.170313E+0
15.500000E+0	0.000000E+0	50.000000E+0	1.286650E+0	143.697085E-3	35.451563E+0
15.600000E+0	0.000000E+0	50.000000E+0	1.923951E+0	16.970254E-3	35.606250E+0
15.700000E+0	0.000000E+0	50.000000E+0	5.935528E+0	-52.729504E-3	35.620313E+0
15.800000E+0	0.000000E+0	50.000000E+0	5.935528E+0	-28.651406E-3	35.634375E+0
15.900000E+0	0.000000E+0	50.000000E+0	7.837814E+0	9.366644E-3	35.662500E+0
16.000000E+0	0.000000E+0	50.000000E+0	9.410250E+0	11.901181E-3	35.718750E+0
16.100000E+0	0.000000E+0	50.000000E+0	10.193194E+0	56.255572E-3	35.817188E+0
16.200000E+0	0.000000E+0	50.000000E+0	8.646600E+0	127.222597E-3	35.985937E+0
16.300000E+0	0.000000E+0	50.000000E+0	5.924742E+0	117.084451E-3	36.210937E+0
16.400000E+0	0.000000E+0	50.000000E+0	3.119199E+0	162.706109E-3	36.450000E+0
16.500000E+0	0.000000E+0	50.000000E+0	1.715432E+0	95.540889E-3	36.660938E+0
16.600000E+0	0.000000E+0	50.000000E+0	1.715432E+0	-3.306039E-3	36.773437E+0
16.700000E+0	0.000000E+0	50.000000E+0	4.036993E+0	-13.444186E-3	36.773437E+0
16.800000E+0	0.000000E+0	50.000000E+0	9.322354E+0	20.772059E-3	36.787500E+0
16.900000E+0	0.000000E+0	50.000000E+0	8.531731E+0	98.075426E-3	36.900000E+0
17.000000E+0	0.000000E+0	50.000000E+0	8.531731E+0	108.213573E-3	37.082813E+0
17.100000E+0	0.000000E+0	50.000000E+0	5.646419E+0	73.997328E-3	37.279688E+0
17.200000E+0	0.000000E+0	50.000000E+0	4.769083E+0	70.195523E-3	37.434375E+0
17.300000E+0	0.000000E+0	50.000000E+0	4.511961E+0	52.453767E-3	37.546875E+0
17.400000E+0	0.000000E+0	50.000000E+0	4.890957E+0	61.324645E-3	37.659375E+0
17.500000E+0	0.000000E+0	50.000000E+0	3.845382E+0	38.513815E-3	37.771875E+0
17.600000E+0	0.000000E+0	50.000000E+0	4.809838E+0	14.435717E-3	37.870313E+0
17.700000E+0	0.000000E+0	50.000000E+0	5.432832E+0	27.108401E-3	37.940625E+0
17.800000E+0	0.000000E+0	50.000000E+0	5.432832E+0	28.375669E-3	37.996875E+0
17.900000E+0	0.000000E+0	50.000000E+0	6.475085E+0	49.919230E-3	38.067188E+0
18.000000E+0	0.000000E+0	50.000000E+0	6.864378E+0	34.712011E-3	38.165625E+0
18.100000E+0	0.000000E+0	50.000000E+0	6.947470E+0	30.910206E-3	38.264063E+0
18.200000E+0	0.000000E+0	50.000000E+0	7.286862E+0	20.772059E-3	38.362500E+0
18.300000E+0	0.000000E+0	50.000000E+0	6.868737E+0	23.306596E-3	38.460937E+0
18.400000E+0	0.000000E+0	50.000000E+0	7.264510E+0	41.048352E-3	38.545313E+0
18.500000E+0	0.000000E+0	50.000000E+0	6.801385E+0	58.790109E-3	38.657812E+0
18.600000E+0	0.000000E+0	50.000000E+0	6.801385E+0	144.964353E-3	38.840625E+0
18.700000E+0	0.000000E+0	50.000000E+0	3.384281E+0	124.688060E-3	39.051563E+0
18.800000E+0	0.000000E+0	50.000000E+0	1.767126E+0	38.513815E-3	39.206250E+0
18.900000E+0	0.000000E+0	50.000000E+0	2.760101E+0	-36.255016E-3	39.234375E+0
19.000000E+0	0.000000E+0	50.000000E+0	5.851005E+0	-31.185942E-3	39.234375E+0
19.100000E+0	0.000000E+0	50.000000E+0	7.421187E+0	16.970254E-3	39.262500E+0
19.200000E+0	0.000000E+0	50.000000E+0	8.265907E+0	72.730060E-3	39.360937E+0
19.300000E+0	0.000000E+0	50.000000E+0	6.556155E+0	54.988304E-3	39.515625E+0
19.400000E+0	0.000000E+0	50.000000E+0	5.618803E+0	79.066401E-3	39.642187E+0
19.500000E+0	0.000000E+0	50.000000E+0	4.779691E+0	39.781084E-3	39.782812E+0
19.600000E+0	0.000000E+0	50.000000E+0	3.377389E+0	56.255572E-3	39.895313E+0
19.700000E+0	0.000000E+0	50.000000E+0	3.377389E+0	56.255572E-3	40.021875E+0
19.800000E+0	0.000000E+0	50.000000E+0	3.191335E+0	16.970254E-3	40.106250E+0
19.900000E+0	0.000000E+0	50.000000E+0	4.037371E+0	25.841132E-3	40.162500E+0
20.000000E+0	0.000000E+0	50.000000E+0	4.694377E+0	8.099376E-3	40.218750E+0
20.100000E+0	0.000000E+0	50.000000E+0	4.729032E+0	-2.038771E-3	40.275000E+0
20.200000E+0	0.000000E+0	50.000000E+0	6.047502E+0	5.564839E-3	40.345312E+0
20.300000E+0	0.000000E+0	50.000000E+0	5.392602E+0	11.901181E-3	40.415625E+0
20.400000E+0	0.000000E+0	50.000000E+0	6.089476E+0	11.901181E-3	40.485937E+0
20.500000E+0	0.000000E+0	50.000000E+0	6.089476E+0	20.772059E-3	40.556250E+0
20.600000E+0	0.000000E+0	50.000000E+0	5.933079E+0	1.763034E-3	40.612500E+0
20.700000E+0	0.000000E+0	50.000000E+0	6.652157E+0	-7.107844E-3	40.668750E+0
20.800000E+0	0.000000E+0	50.000000E+0	7.920035E+0	16.970254E-3	40.725000E+0
20.900000E+0	0.000000E+0	50.000000E+0	6.732981E+0	54.988304E-3	40.823438E+0
21.000000E+0	0.000000E+0	50.000000E+0	5.299971E+0	63.859182E-3	40.964063E+0
21.100000E+0	0.000000E+0	50.000000E+0	4.064132E+0	61.324645E-3	41.090625E+0
21.200000E+0	0.000000E+0	50.000000E+0	4.064132E+0	48.651962E-3	41.203125E+0
21.300000E+0	0.000000E+0	50.000000E+0	3.948424E+0	23.306596E-3	41.287500E+0
21.400000E+0	0.000000E+0	50.000000E+0	4.532864E+0	24.573864E-3	41.343750E+0
21.500000E+0	0.000000E+0	50.000000E+0	4.756121E+0	-19.780527E-3	41.385938E+0
21.600000E+0	0.000000E+0	50.000000E+0	5.936516E+0	-28.651406E-3	41.400000E+0
21.700000E+0	0.000000E+0	50.000000E+0	7.575216E+0	-9.642381E-3	41.428125E+0
21.800000E+0	0.000000E+0	50.000000E+0	8.521516E+0	65.126450E-3	41.484375E+0
21.900000E+0	0.000000E+0	50.000000E+0	6.485283E+0	65.126450E-3	41.625000E+0
22.000000E+0	0.000000E+0	50.000000E+0	3.935941E+0	63.859182E-3	41.779688E+0
22.100000E+0	0.000000E+0	50.000000E+0	3.935941E+0	-771.502440E-6	41.878125E+0
22.200000E+0	0.000000E+0	50.000000E+0	4.802880E+0	-37.522284E-3	41.906250E+0
22.300000E+0	0.000000E+0	50.000000E+0	8.291383E+0	-18.513259E-3	41.906250E+0
22.400000E+0	0.000000E+0	50.000000E+0	8.120167E+0	32.177474E-3	41.948438E+0
22.500000E+0	0.000000E+0	50.000000E+0	8.120167E+0	46.117425E-3	42.046875E+0
22.600000E+0	0.000000E+0	50.000000E+0	5.982685E+0	25.841132E-3	42.187500E+0
22.700000E+0	0.000000E+0	50.000000E+0	5.563457E+0	8.099376E-3	42.271875E+0
22.800000E+0	0.000000E+0	50.000000E+0	5.410694E+0	30.910206E-3	42.356250E+0
22.900000E+0	0.000000E+0	50.000000E+0	5.958440E+0	9.366644E-3	42.412500E+0
23.000000E+0	0.000000E+0	50.000000E+0	5.939789E+0	5.564839E-3	42.454687E+0
23.100000E+0	0.000000E+0	50.000000E+0	7.567864E+0	-27.384137E-3	42.482813E+0
23.200000E+0	0.000000E+0	50.000000E+0	7.689674E+0	3.030303E-3	42.525000E+0
23.300000E+0	0.000000E+0	50.000000E+0	7.305694E+0	16.970254E-3	42.609375E+0
23.400000E+0	0.000000E+0	50.000000E+0	7.305694E+0	-771.502440E-6	42.679687E+0
23.500000E+0	0.000000E+0	50.000000E+0	7.310364E+0	-7.107844E-3	42.721875E+0
23.600000E+0	0.000000E+0	50.000000E+0	8.403801E+0	-771.502440E-6	42.735937E+0
23.700000E+0	0.000000E+0	50.000000E+0	9.575364E+0	-8.375112E-3	42.764063E+0
23.800000E+0	0.000000E+0	50.000000E+0	9.080875E+0	39.781084E-3	42.820312E+0
23.900000E+0	0.000000E+0	50.000000E+0	8.645908E+0	32.177474E-3	42.890625E+0
24.000000E+0	0.000000E+0	50.000000E+0	8.667914E+0	16.970254E-3	42.975000E+0
24.100000E+0	0.000000E+0	50.000000E+0	8.371351E+0	28.375669E-3	43.045313E+0
24.200000E+0	0.000000E+0	50.000000E+0	7.551007E+0	37.246547E-3	43.129688E+0
24.300000E+0	0.000000E+0	50.000000E+0	7.551007E+0	-771.502440E-6	43.200000E+0
24.400000E+0	0.000000E+0	50.000000E+0	8.417190E+0	-771.502440E-6	43.242187E+0
24.500000E+0	0.000000E+0	50.000000E+0	8.154114E+0	35.979279E-3	43.312500E+0
24.600000E+0	0.000000E+0	50.000000E+0	6.705826E+0	56.255572E-3	43.410938E+0
24.700000E+0	0.000000E+0	50.000000E+0	6.421368E+0	33.444742E-3	43.495313E+0
24.800000E+0	0.000000E+0	50.000000E+0	5.410003E+0	30.910206E-3	43.579687E+0
24.900000E+0	0.000000E+0	50.000000E+0	5.600792E+0	9.366644E-3	43.664062E+0
25.000000E+0	0.000000E+0	50.000000E+0	6.013341E+0	-4.573307E-3	43.706250E+0
25.100000E+0	0.000000E+0	50.000000E+0	6.013341E+0	19.504791E-3	43.748438E+0
25.200000E+0	0.000000E+0	50.000000E+0	5.755661E+0	11.901181E-3	43.790625E+0
25.300000E+0	0.000000E+0	50.000000E+0	6.663144E+0	-26.116869E-3	43.804687E+0
25.400000E+0	0.000000E+0	50.000000E+0	7.843801E+0	4.297571E-3	43.832813E+0
25.500000E+0	0.000000E+0	50.000000E+0	7.259476E+0	56.255572E-3	43.917188E+0
25.600000E+0	0.000000E+0	50.000000E+0	5.552997E+0	29.642937E-3	44.029688E+0
25.700000E+0	0.000000E+0	50.000000E+0	5.192667E+0	27.108401E-3	44.114063E+0
25.800000E+0	0.000000E+0	50.000000E+0	6.154114E+0	-18.513259E-3	44.142187E+0
25.900000E+0	0.000000E+0	50.000000E+0	7.249640E+0	-18.513259E-3	44.142187E+0
26.000000E+0	0.000000E+0	50.000000E+0	8.953455E+0	5.564839E-3	44.142187E+0
26.100000E+0	0.000000E+0	50.000000E+0	9.181976E+0	6.832107E-3	44.170313E+0
26.200000E+0	0.000000E+0	50.000000E+0	8.271434E+0	14.435717E-3	44.254688E+0
26.300000E+0	0.000000E+0	50.000000E+0	6.443951E+0	67.660987E-3	44.353125E+0
26.400000E+0	0.000000E+0	50.000000E+0	5.982700E+0	8.099376E-3	44.465625E+0
26.500000E+0	0.000000E+0	50.000000E+0	5.982700E+0	6.832107E-3	44.550000E+0
26.600000E+0	0.000000E+0	50.000000E+0	4.695612E+0	-21.047796E-3	44.606250E+0
26.700000E+0	0.000000E+0	50.000000E+0	5.381565E+0	-22.315064E-3	44.634375E+0
26.800000E+0	0.000000E+0	50.000000E+0	6.021368E+0	-5.840576E-3	44.648437E+0
26.900000E+0	0.000000E+0	50.000000E+0	6.982584E+0	-10.909649E-3	44.690625E+0
27.000000E+0	0.000000E+0	50.000000E+0	6.406927E+0	29.642937E-3	44.760938E+0
27.100000E+0	0.000000E+0	50.000000E+0	4.308852E+0	49.919230E-3	44.873438E+0
27.200000E+0	0.000000E+0	50.000000E+0	3.630513E+0	14.435717E-3	44.943750E+0
27.300000E+0	0.000000E+0	50.000000E+0	4.679476E+0	-33.720479E-3	44.971875E+0
27.400000E+0	0.000000E+0	50.000000E+0	6.141317E+0	-771.502440E-6	44.971875E+0
27.500000E+0	0.000000E+0	50.000000E+0	7.070906E+0	11.901181E-3	45.014063E+0
27.600000E+0	0.000000E+0	50.000000E+0	6.083802E+0	6.832107E-3	45.084375E+0
27.700000E+0	0.000000E+0	50.000000E+0	5.199197E+0	-771.502440E-6	45.140625E+0
27.800000E+0	0.000000E+0	50.000000E+0	6.259837E+0	-32.453211E-3	45.168750E+0
27.900000E+0	0.000000E+0	50.000000E+0	6.970183E+0	-18.513259E-3	45.168750E+0
28.000000E+0	0.000000E+0	50.000000E+0	7.297535E+0	-13.444186E-3	45.196875E+0
28.100000E+0	0.000000E+0	50.000000E+0	7.743538E+0	-4.573307E-3	45.239063E+0
28.200000E+0	0.000000E+0	50.000000E+0	7.387683E+0	15.702986E-3	45.295313E+0
28.300000E+0	0.000000E+0	50.000000E+0	6.559098E+0	-9.642381E-3	45.337500E+0
28.400000E+0	0.000000E+0	50.000000E+0	8.145314E+0	-31.185942E-3	45.351562E+0
28.500000E+0	0.000000E+0	50.000000E+0	8.492058E+0	4.297571E-3	45.365625E+0
28.600000E+0	0.000000E+0	50.000000E+0	8.828275E+0	-13.444186E-3	45.407812E+0
28.700000E+0	0.000000E+0	50.000000E+0	8.514706E+0	9.366644E-3	45.450000E+0
28.800000E+0	0.000000E+0	50.000000E+0	8.012470E+0	14.435717E-3	45.506250E+0
28.900000E+0	0.000000E+0	50.000000E+0	5.703754E+0	63.859182E-3	45.604688E+0
29.000000E+0	0.000000E+0	50.000000E+0	5.703754E+0	29.642937E-3	45.689062E+0
29.100000E+0	0.000000E+0	50.000000E+0	5.684230E+0	10.633912E-3	45.745313E+0
29.200000E+0	0.000000E+0	50.000000E+0	5.843489E+0	-18.513259E-3	45.773437E+0
29.300000E+0	0.000000E+0	50.000000E+0	6.197074E+0	5.564839E-3	45.801563E+0
29.400000E+0	0.000000E+0	50.000000E+0	6.268687E+0	-13.444186E-3	45.829687E+0
29.500000E+0	0.000000E+0	50.000000E+0	6.075956E+0	27.108401E-3	45.885938E+0
29.600000E+0	0.000000E+0	50.000000E+0	4.794493E+0	27.108401E-3	45.956250E+0
29.700000E+0	0.000000E+0	50.000000E+0	3.921762E+0	8.099376E-3	46.040625E+0
29.800000E+0	0.000000E+0	50.000000E+0	3.921762E+0	-18.513259E-3	46.082813E+0
29.900000E+0	0.000000E+0	50.000000E+0	4.520430E+0	-8.375112E-3	46.110937E+0
30.000000E+0	0.000000E+0	50.000000E+0	4.558324E+0	-40.056821E-3	46.110937E+0
30.100000E+0	0.000000E+0	50.000000E+0	4.976038E+0	-19.780527E-3	46.125000E+0
30.200000E+0	0.000000E+0	50.000000E+0	5.801729E+0	-34.987747E-3	46.125000E+0
30.300000E+0	0.000000E+0	50.000000E+0	6.779492E+0	-10.909649E-3	46.153125E+0
30.400000E+0	0.000000E+0	50.000000E+0	5.505809E+0	33.444742E-3	46.223438E+0
30.500000E+0	0.000000E+0	50.000000E+0	5.229427E+0	14.435717E-3	46.279688E+0
30.600000E+0	0.000000E+0	50.000000E+0	5.096318E+0	-8.375112E-3	46.307813E+0
30.700000E+0	0.000000E+0	50.000000E+0	5.368012E+0	13.168449E-3	46.350000E+0
30.800000E+0	0.000000E+0	50.000000E+0	4.969838E+0	-19.780527E-3	46.378125E+0
30.900000E+0	0.000000E+0	50.000000E+0	6.175775E+0	-13.444186E-3	46.378125E+0
31.000000E+0	0.000000E+0	50.000000E+0	6.849459E+0	-5.840576E-3	46.392187E+0
31.100000E+0	0.000000E+0	50.000000E+0	6.574838E+0	-9.642381E-3	46.420313E+0
31.200000E+0	0.000000E+0	50.000000E+0	6.416055E+0	25.841132E-3	46.476562E+0
31.300000E+0	0.000000E+0	50.000000E+0	5.756746E+0	-10.909649E-3	46.532812E+0
31.400000E+0	0.000000E+0	50.000000E+0	6.873340E+0	-4.573307E-3	46.546875E+0
31.500000E+0	0.000000E+0	50.000000E+0	6.696959E+0	-23.582332E-3	46.560938E+0
31.600000E+0	0.000000E+0	50.000000E+0	6.492420E+0	-40.056821E-3	46.589063E+0
31.700000E+0	0.000000E+0	50.000000E+0	7.780446E+0	-34.987747E-3	46.603125E+0
31.800000E+0	0.000000E+0	50.000000E+0	7.367519E+0	-17.245991E-3	46.617187E+0
31.900000E+0	0.000000E+0	50.000000E+0	7.909640E+0	-7.107844E-3	46.659375E+0
32.000000E+0	0.000000E+0	50.000000E+0	6.407980E+0	33.444742E-3	46.715625E+0
32.100000E+0	0.000000E+0	50.000000E+0	4.848671E+0	38.513815E-3	46.814062E+0
32.200000E+0	0.000000E+0	50.000000E+0	3.981795E+0	9.366644E-3	46.898437E+0
32.300000E+0	0.000000E+0	50.000000E+0	3.364476E+0	-3.306039E-3	46.954687E+0
32.400000E+0	0.000000E+0	50.000000E+0	3.364476E+0	-42.591357E-3	46.968750E+0
32.500000E+0	0.000000E+0	50.000000E+0	4.569262E+0	-15.978722E-3	46.982813E+0
32.600000E+0	0.000000E+0	50.000000E+0	4.569262E+0	-21.047796E-3	46.996875E+0
32.700000E+0	0.000000E+0	50.000000E+0	4.533802E+0	-8.375112E-3	47.010938E+0
32.800000E+0	0.000000E+0	50.000000E+0	5.199936E+0	-4.573307E-3	47.039062E+0
32.900000E+0	0.000000E+0	50.000000E+0	4.719904E+0	-5.840576E-3	47.095312E+0
33.000000E+0	0.000000E+0	50.000000E+0	3.736894E+0	5.564839E-3	47.151563E+0
33.100000E+0	0.000000E+0	50.000000E+0	2.658522E+0	13.168449E-3	47.221875E+0
33.200000E+0	0.000000E+0	50.000000E+0	3.049097E+0	-10.909649E-3	47.250000E+0
33.300000E+0	0.000000E+0	50.000000E+0	3.548406E+0	-31.185942E-3	47.250000E+0
33.400000E+0	0.000000E+0	50.000000E+0	4.351860E+0	-34.987747E-3	47.250000E+0
33.500000E+0	0.000000E+0	50.000000E+0	4.547025E+0	3.030303E-3	47.264063E+0
33.600000E+0	0.000000E+0	50.000000E+0	4.224755E+0	-8.375112E-3	47.292188E+0
33.700000E+0	0.000000E+0	50.000000E+0	3.967634E+0	-13.444186E-3	47.334375E+0
33.800000E+0	0.000000E+0	50.000000E+0	3.580611E+0	-8.375112E-3	47.362500E+0
33.900000E+0	0.000000E+0	50.000000E+0	4.328505E+0	-34.987747E-3	47.376562E+0
34.000000E+0	0.000000E+0	50.000000E+0	4.341022E+0	-12.176917E-3	47.390625E+0
34.100000E+0	0.000000E+0	50.000000E+0	4.604180E+0	-24.849601E-3	47.404688E+0
34.200000E+0	0.000000E+0	50.000000E+0	3.946828E+0	-22.315064E-3	47.432813E+0
34.300000E+0	0.000000E+0	50.000000E+0	4.911219E+0	-31.185942E-3	47.446875E+0
34.400000E+0	0.000000E+0	50.000000E+0	5.061745E+0	-13.444186E-3	47.460937E+0
34.500000E+0	0.000000E+0	50.000000E+0	4.241072E+0	10.633912E-3	47.489063E+0
34.600000E+0	0.000000E+0	50.000000E+0	4.241072E+0	-26.116869E-3	47.517187E+0
34.700000E+0	0.000000E+0	50.000000E+0	4.428588E+0	-28.651406E-3	47.531250E+0
34.800000E+0	0.000000E+0	50.000000E+0	4.818505E+0	-36.255016E-3	47.531250E+0
34.900000E+0	0.000000E+0	50.000000E+0	5.793817E+0	-27.384137E-3	47.531250E+0
35.000000E+0	0.000000E+0	50.000000E+0	5.478177E+0	1.763034E-3	47.559375E+0
35.100000E+0	0.000000E+0	50.000000E+0	5.478177E+0	-2.038771E-3	47.601562E+0
35.200000E+0	0.000000E+0	50.000000E+0	4.804706E+0	11.901181E-3	47.643750E+0
35.300000E+0	0.000000E+0	50.000000E+0	4.632157E+0	-22.315064E-3	47.671875E+0
35.400000E+0	0.000000E+0	50.000000E+0	4.943259E+0	-41.324089E-3	47.671875E+0
35.500000E+0	0.000000E+0	50.000000E+0	5.798473E+0	-9.642381E-3	47.671875E+0
35.600000E+0	0.000000E+0	50.000000E+0	6.340134E+0	-18.513259E-3	47.700000E+0
35.700000E+0	0.000000E+0	50.000000E+0	6.212288E+0	-18.513259E-3	47.728125E+0
35.800000E+0	0.000000E+0	50.000000E+0	5.820101E+0	-5.840576E-3	47.742187E+0
35.900000E+0	0.000000E+0	50.000000E+0	6.291745E+0	-29.918674E-3	47.756250E+0
36.000000E+0	0.000000E+0	50.000000E+0	6.481778E+0	9.366644E-3	47.784375E+0
36.100000E+0	0.000000E+0	50.000000E+0	6.364854E+0	-24.849601E-3	47.812500E+0
36.200000E+0	0.000000E+0	50.000000E+0	6.214509E+0	-771.502440E-6	47.826563E+0
36.300000E+0	0.000000E+0	50.000000E+0	6.672091E+0	-18.513259E-3	47.826563E+0
36.400000E+0	0.000000E+0	50.000000E+0	7.903933E+0	-32.453211E-3	47.840625E+0
36.500000E+0	0.000000E+0	50.000000E+0	7.927831E+0	-10.909649E-3	47.868750E+0
36.600000E+0	0.000000E+0	50.000000E+0	6.300496E+0	20.772059E-3	47.925000E+0
36.700000E+0	0.000000E+0	50.000000E+0	4.991039E+0	61.324645E-3	48.037500E+0
36.800000E+0	0.000000E+0	50.000000E+0	4.991039E+0	18.237522E-3	48.121875E+0
36.900000E+0	0.000000E+0	50.000000E+0	2.931532E+0	-18.513259E-3	48.178125E+0
37.000000E+0	0.000000E+0	50.000000E+0	3.156564E+0	-34.987747E-3	48.192188E+0
37.100000E+0	0.000000E+0	50.000000E+0	3.594163E+0	-42.591357E-3	48.192188E+0
37.200000E+0	0.000000E+0	50.000000E+0	4.114525E+0	-13.444186E-3	48.192188E+0
37.300000E+0	0.000000E+0	50.000000E+0	5.478011E+0	-34.987747E-3	48.192188E+0
37.400000E+0	0.000000E+0	50.000000E+0	5.738192E+0	-12.176917E-3	48.206250E+0
37.500000E+0	0.000000E+0	50.000000E+0	4.467125E+0	28.375669E-3	48.262500E+0
37.600000E+0	0.000000E+0	50.000000E+0	3.605512E+0	-7.107844E-3	48.318750E+0
37.700000E+0	0.000000E+0	50.000000E+0	3.343390E+0	-24.849601E-3	48.346875E+0
37.800000E+0	0.000000E+0	50.000000E+0	3.694097E+0	-32.453211E-3	48.360937E+0
37.900000E+0	0.000000E+0	50.000000E+0	3.839229E+0	-4.573307E-3	48.375000E+0
38.000000E+0	0.000000E+0	50.000000E+0	4.012156E+0	-8.375112E-3	48.389063E+0
38.100000E+0	0.000000E+0	50.000000E+0	3.660348E+0	-9.642381E-3	48.403125E+0
38.200000E+0	0.000000E+0	50.000000E+0	4.227913E+0	-7.107844E-3	48.417188E+0
38.300000E+0	0.000000E+0	50.000000E+0	4.227913E+0	-15.978722E-3	48.445312E+0
38.400000E+0	0.000000E+0	50.000000E+0	3.489525E+0	-15.978722E-3	48.473438E+0
38.500000E+0	0.000000E+0	50.000000E+0	2.798654E+0	-12.176917E-3	48.487500E+0
38.600000E+0	0.000000E+0	50.000000E+0	3.785479E+0	-29.918674E-3	48.487500E+0
38.700000E+0	0.000000E+0	50.000000E+0	4.642288E+0	-15.978722E-3	48.487500E+0
38.800000E+0	0.000000E+0	50.000000E+0	5.020824E+0	-7.107844E-3	48.501562E+0
38.900000E+0	0.000000E+0	50.000000E+0	3.812157E+0	-12.176917E-3	48.529688E+0
39.000000E+0	0.000000E+0	50.000000E+0	3.152650E+0	-2.038771E-3	48.571875E+0
39.100000E+0	0.000000E+0	50.000000E+0	3.152650E+0	-28.651406E-3	48.585937E+0
39.200000E+0	0.000000E+0	50.000000E+0	4.197386E+0	-40.056821E-3	48.585937E+0
39.300000E+0	0.000000E+0	50.000000E+0	4.893752E+0	-38.789552E-3	48.585937E+0
39.400000E+0	0.000000E+0	50.000000E+0	5.252600E+0	-24.849601E-3	48.600000E+0
39.500000E+0	0.000000E+0	50.000000E+0	4.338917E+0	-19.780527E-3	48.614063E+0
39.600000E+0	0.000000E+0	50.000000E+0	5.323324E+0	-13.444186E-3	48.614063E+0
39.700000E+0	0.000000E+0	50.000000E+0	4.986959E+0	-2.038771E-3	48.628125E+0
39.800000E+0	0.000000E+0	50.000000E+0	4.495710E+0	-33.720479E-3	48.642187E+0
39.900000E+0	0.000000E+0	50.000000E+0	4.995380E+0	-40.056821E-3	48.642187E+0
40.000000E+0	0.000000E+0	50.000000E+0	5.033571E+0	-8.375112E-3	48.656250E+0
40.100000E+0	0.000000E+0	50.000000E+0	5.033571E+0	-37.522284E-3	48.656250E+0
40.200000E+0	0.000000E+0	50.000000E+0	5.885265E+0	-29.918674E-3	48.656250E+0
40.300000E+0	0.000000E+0	50.000000E+0	5.317618E+0	-8.375112E-3	48.670313E+0
40.400000E+0	0.000000E+0	50.000000E+0	5.651877E+0	1.763034E-3	48.684375E+0
40.500000E+0	0.000000E+0	50.000000E+0	4.921269E+0	-21.047796E-3	48.712500E+0
40.600000E+0	0.000000E+0	50.000000E+0	5.733916E+0	-40.056821E-3	48.712500E+0
40.700000E+0	0.000000E+0	50.000000E+0	5.813998E+0	-29.918674E-3	48.712500E+0
40.800000E+0	0.000000E+0	50.000000E+0	5.813998E+0	-27.384137E-3	48.740625E+0
40.900000E+0	0.000000E+0	50.000000E+0	4.996466E+0	-32.453211E-3	48.768750E+0
41.000000E+0	0.000000E+0	50.000000E+0	5.237814E+0	-38.789552E-3	48.768750E+0
41.100000E+0	0.000000E+0	50.000000E+0	5.585446E+0	-43.858626E-3	48.768750E+0
41.200000E+0	0.000000E+0	50.000000E+0	6.027255E+0	-10.909649E-3	48.768750E+0
41.300000E+0	0.000000E+0	50.000000E+0	6.284443E+0	-37.522284E-3	48.768750E+0
41.400000E+0	0.000000E+0	50.000000E+0	7.062946E+0	-24.849601E-3	48.782812E+0
41.500000E+0	0.000000E+0	50.000000E+0	6.619607E+0	-8.375112E-3	48.810938E+0
41.600000E+0	0.000000E+0	50.000000E+0	5.194542E+0	25.841132E-3	48.867187E+0
41.700000E+0	0.000000E+0	50.000000E+0	4.594624E+0	-26.116869E-3	48.895313E+0
41.800000E+0	0.000000E+0	50.000000E+0	5.089097E+0	-42.591357E-3	48.909375E+0
41.900000E+0	0.000000E+0	50.000000E+0	4.927042E+0	-28.651406E-3	48.909375E+0
42.000000E+0	0.000000E+0	50.000000E+0	5.677419E+0	-37.522284E-3	48.909375E+0
42.100000E+0	0.000000E+0	50.000000E+0	5.844854E+0	-4.573307E-3	48.909375E+0
42.200000E+0	0.000000E+0	50.000000E+0	5.480035E+0	-38.789552E-3	48.923437E+0
42.300000E+0	0.000000E+0	50.000000E+0	5.844969E+0	-10.909649E-3	48.923437E+0
42.400000E+0	0.000000E+0	50.000000E+0	5.705446E+0	-4.573307E-3	48.937500E+0
42.500000E+0	0.000000E+0	50.000000E+0	5.991531E+0	-31.185942E-3	48.937500E+0
42.600000E+0	0.000000E+0	50.000000E+0	5.747815E+0	-32.453211E-3	48.951563E+0
42.700000E+0	0.000000E+0	50.000000E+0	6.233850E+0	-36.255016E-3	48.951563E+0
42.800000E+0	0.000000E+0	50.000000E+0	5.449805E+0	-24.849601E-3	48.979688E+0
42.900000E+0	0.000000E+0	50.000000E+0	6.006252E+0	-26.116869E-3	48.979688E+0
43.000000E+0	0.000000E+0	50.000000E+0	5.622107E+0	-33.720479E-3	48.993750E+0
43.100000E+0	0.000000E+0	50.000000E+0	5.696630E+0	-42.591357E-3	48.993750E+0
43.200000E+0	0.000000E+0	50.000000E+0	6.606038E+0	-36.255016E-3	48.993750E+0
43.300000E+0	0.000000E+0	50.000000E+0	6.807288E+0	-8.375112E-3	49.007812E+0
43.400000E+0	0.000000E+0	50.000000E+0	6.040150E+0	-33.720479E-3	49.035938E+0
43.500000E+0	0.000000E+0	50.000000E+0	6.228061E+0	-27.384137E-3	49.050000E+0
43.600000E+0	0.000000E+0	50.000000E+0	6.250594E+0	-34.987747E-3	49.050000E+0
43.700000E+0	0.000000E+0	50.000000E+0	6.764821E+0	-21.047796E-3	49.064062E+0
43.800000E+0	0.000000E+0	50.000000E+0	6.764821E+0	-22.315064E-3	49.092188E+0
43.900000E+0	0.000000E+0	50.000000E+0	6.079739E+0	-17.245991E-3	49.106250E+0
44.000000E+0	0.000000E+0	50.000000E+0	5.593127E+0	-8.375112E-3	49.120313E+0
44.100000E+0	0.000000E+0	50.000000E+0	6.478735E+0	-23.582332E-3	49.120313E+0
44.200000E+0	0.000000E+0	50.000000E+0	6.451910E+0	-18.513259E-3	49.134375E+0
44.300000E+0	0.000000E+0	50.000000E+0	5.786187E+0	-27.384137E-3	49.148437E+0
44.400000E+0	0.000000E+0	50.000000E+0	6.232847E+0	-28.651406E-3	49.162500E+0
44.500000E+0	0.000000E+0	50.000000E+0	5.176055E+0	-2.038771E-3	49.176563E+0
44.600000E+0	0.000000E+0	50.000000E+0	5.467469E+0	-34.987747E-3	49.176563E+0
44.700000E+0	0.000000E+0	50.000000E+0	5.872880E+0	-10.909649E-3	49.176563E+0
44.800000E+0	0.000000E+0	50.000000E+0	6.037568E+0	-32.453211E-3	49.190625E+0
44.900000E+0	0.000000E+0	50.000000E+0	6.019574E+0	-31.185942E-3	49.204687E+0
45.000000E+0	0.000000E+0	50.000000E+0	5.998768E+0	-40.056821E-3	49.218750E+0
45.100000E+0	0.000000E+0	50.000000E+0	6.101877E+0	-32.453211E-3	49.218750E+0
45.200000E+0	0.000000E+0	50.000000E+0	5.898028E+0	-13.444186E-3	49.232813E+0
45.300000E+0	0.000000E+0	50.000000E+0	5.001779E+0	-10.909649E-3	49.260938E+0
45.400000E+0	0.000000E+0	50.000000E+0	5.397781E+0	-31.185942E-3	49.275000E+0
45.500000E+0	0.000000E+0	50.000000E+0	5.397781E+0	-33.720479E-3	49.289062E+0
45.600000E+0	0.000000E+0	50.000000E+0	5.385446E+0	-34.987747E-3	49.289062E+0
45.700000E+0	0.000000E+0	50.000000E+0	5.198143E+0	-10.909649E-3	49.289062E+0
45.800000E+0	0.000000E+0	50.000000E+0	5.416367E+0	-40.056821E-3	49.289062E+0
45.900000E+0	0.000000E+0	50.000000E+0	5.279755E+0	-38.789552E-3	49.303125E+0
46.000000E+0	0.000000E+0	50.000000E+0	5.137880E+0	-14.711454E-3	49.303125E+0
46.100000E+0	0.000000E+0	50.000000E+0	5.847502E+0	-32.453211E-3	49.303125E+0
46.200000E+0	0.000000E+0	50.000000E+0	5.986877E+0	-26.116869E-3	49.317188E+0
46.300000E+0	0.000000E+0	50.000000E+0	5.208555E+0	-37.522284E-3	49.331250E+0
46.400000E+0	0.000000E+0	50.000000E+0	5.770725E+0	-12.176917E-3	49.331250E+0
46.500000E+0	0.000000E+0	50.000000E+0	5.574986E+0	-69.203992E-3	49.345312E+0
46.600000E+0	0.000000E+0	50.000000E+0	5.703472E+0	-7.107844E-3	49.345312E+0
46.700000E+0	0.000000E+0	50.000000E+0	5.885100E+0	-32.453211E-3	49.359375E+0
46.800000E+0	0.000000E+0	50.000000E+0	5.072996E+0	-10.909649E-3	49.359375E+0
46.900000E+0	0.000000E+0	50.000000E+0	5.860100E+0	-27.384137E-3	49.359375E+0
47.000000E+0	0.000000E+0	50.000000E+0	5.298637E+0	-32.453211E-3	49.373438E+0
47.100000E+0	0.000000E+0	50.000000E+0	5.373259E+0	-40.056821E-3	49.387500E+0
47.200000E+0	0.000000E+0	50.000000E+0	5.543998E+0	-3.306039E-3	49.387500E+0
47.300000E+0	0.000000E+0	50.000000E+0	5.580972E+0	-33.720479E-3	49.401563E+0
47.400000E+0	0.000000E+0	50.000000E+0	5.700660E+0	-28.651406E-3	49.415625E+0
47.500000E+0	0.000000E+0	50.000000E+0	4.826614E+0	-13.444186E-3	49.429687E+0
47.600000E+0	0.000000E+0	50.000000E+0	5.394442E+0	-12.176917E-3	49.429687E+0
47.700000E+0	0.000000E+0	50.000000E+0	5.761975E+0	-36.255016E-3	49.429687E+0
47.800000E+0	0.000000E+0	50.000000E+0	5.021713E+0	-2.038771E-3	49.443750E+0
47.900000E+0	0.000000E+0	50.000000E+0	5.285035E+0	-17.245991E-3	49.457813E+0
48.000000E+0	0.000000E+0	50.000000E+0	5.285035E+0	-3.306039E-3	49.457813E+0
48.100000E+0	0.000000E+0	50.000000E+0	5.593785E+0	1.763034E-3	49.471875E+0
48.200000E+0	0.000000E+0	50.000000E+0	4.986268E+0	-27.384137E-3	49.500000E+0
48.300000E+0	0.000000E+0	50.000000E+0	4.191466E+0	-4.573307E-3	49.514063E+0
48.400000E+0	0.000000E+0	50.000000E+0	4.191466E+0	-38.789552E-3	49.514063E+0
48.500000E+0	0.000000E+0	50.000000E+0	4.918094E+0	-40.056821E-3	49.514063E+0
48.600000E+0	0.000000E+0	50.000000E+0	4.711137E+0	-23.582332E-3	49.514063E+0
48.700000E+0	0.000000E+0	50.000000E+0	5.289886E+0	-38.789552E-3	49.514063E+0
48.800000E+0	0.000000E+0	50.000000E+0	4.418687E+0	-2.038771E-3	49.528125E+0
48.900000E+0	0.000000E+0	50.000000E+0	4.803193E+0	-10.909649E-3	49.528125E+0
49.000000E+0	0.000000E+0	50.000000E+0	4.803193E+0	-9.642381E-3	49.542188E+0
49.100000E+0	0.000000E+0	50.000000E+0	4.790923E+0	-15.978722E-3	49.542188E+0
49.200000E+0	0.000000E+0	50.000000E+0	5.059903E+0	-2.038771E-3	49.556250E+0
49.300000E+0	0.000000E+0	50.000000E+0	4.943439E+0	-21.047796E-3	49.570312E+0
49.400000E+0	0.000000E+0	50.000000E+0	4.286647E+0	-26.116869E-3	49.584375E+0
49.500000E+0	0.000000E+0	50.000000E+0	4.212436E+0	-29.918674E-3	49.598438E+0
49.600000E+0	0.000000E+0	50.000000E+0	4.211449E+0	23.306596E-3	49.612500E+0
49.700000E+0	0.000000E+0	50.000000E+0	4.339640E+0	-38.789552E-3	49.612500E+0
49.800000E+0	0.000000E+0	50.000000E+0	3.758160E+0	-43.858626E-3	49.612500E+0
49.900000E+0	0.000000E+0	50.000000E+0	4.014542E+0	-14.711454E-3	49.612500E+0
50.000000E+0	0.000000E+0	50.000000E+0	4.728604E+0	-38.789552E-3	49.612500E+0
50.100000E+0	0.000000E+0	50.000000E+0	4.935758E+0	-37.522284E-3	49.612500E+0
50.200000E+0	0.000000E+0	50.000000E+0	4.526433E+0	-22.315064E-3	49.640625E+0
50.300000E+0	0.000000E+0	50.000000E+0	4.186170E+0	-17.245991E-3	49.640625E+0
50.400000E+0	0.000000E+0	50.000000E+0	4.684755E+0	-12.176917E-3	49.640625E+0
50.500000E+0	0.000000E+0	50.000000E+0	4.904541E+0	-38.789552E-3	49.640625E+0
50.600000E+0	0.000000E+0	50.000000E+0	4.849689E+0	-36.255016E-3	49.640625E+0
50.700000E+0	0.000000E+0	50.000000E+0	4.248999E+0	-5.840576E-3	49.654688E+0
50.800000E+0	0.000000E+0	50.000000E+0	5.154459E+0	-47.660431E-3	49.654688E+0
50.900000E+0	0.000000E+0	50.000000E+0	4.601285E+0	-9.642381E-3	49.654688E+0
51.000000E+0	0.000000E+0	50.000000E+0	4.670348E+0	-42.591357E-3	49.654688E+0
51.100000E+0	0.000000E+0	50.000000E+0	5.170281E+0	-36.255016E-3	49.654688E+0
51.200000E+0	0.000000E+0	50.000000E+0	4.872272E+0	-23.582332E-3	49.668750E+0
51.300000E+0	0.000000E+0	50.000000E+0	5.166630E+0	-12.176917E-3	49.668750E+0
51.400000E+0	0.000000E+0	50.000000E+0	5.359607E+0	-33.720479E-3	49.668750E+0
51.500000E+0	0.000000E+0	50.000000E+0	4.913686E+0	-32.453211E-3	49.682813E+0
51.600000E+0	0.000000E+0	50.000000E+0	4.913686E+0	-31.185942E-3	49.682813E+0
51.700000E+0	0.000000E+0	50.000000E+0	5.205232E+0	-31.185942E-3	49.696875E+0
51.800000E+0	0.000000E+0	50.000000E+0	4.355643E+0	-21.047796E-3	49.710937E+0
51.900000E+0	0.000000E+0	50.000000E+0	4.355643E+0	-42.591357E-3	49.710937E+0
52.000000E+0	0.000000E+0	50.000000E+0	4.927485E+0	-28.651406E-3	49.710937E+0
52.100000E+0	0.000000E+0	50.000000E+0	4.927485E+0	-32.453211E-3	49.710937E+0
52.200000E+0	0.000000E+0	50.000000E+0	4.840347E+0	-33.720479E-3	49.725000E+0
52.300000E+0	0.000000E+0	50.000000E+0	4.512716E+0	-29.918674E-3	49.725000E+0
52.400000E+0	0.000000E+0	50.000000E+0	4.511761E+0	-23.582332E-3	49.739063E+0
52.500000E+0	0.000000E+0	50.000000E+0	4.006351E+0	-12.176917E-3	49.739063E+0
52.600000E+0	0.000000E+0	50.000000E+0	4.006351E+0	-37.522284E-3	49.739063E+0
52.700000E+0	0.000000E+0	50.000000E+0	4.590791E+0	-34.987747E-3	49.739063E+0
52.800000E+0	0.000000E+0	50.000000E+0	4.414870E+0	-12.176917E-3	49.739063E+0
52.900000E+0	0.000000E+0	50.000000E+0	4.745857E+0	-24.849601E-3	49.739063E+0
53.000000E+0	0.000000E+0	50.000000E+0	4.412600E+0	-43.858626E-3	49.753125E+0
53.100000E+0	0.000000E+0	50.000000E+0	4.411285E+0	-37.522284E-3	49.753125E+0
53.200000E+0	0.000000E+0	50.000000E+0	4.255265E+0	-18.513259E-3	49.753125E+0
53.300000E+0	0.000000E+0	50.000000E+0	4.304640E+0	-36.255016E-3	49.753125E+0
53.400000E+0	0.000000E+0	50.000000E+0	4.582123E+0	-36.255016E-3	49.753125E+0
53.500000E+0	0.000000E+0	50.000000E+0	4.783571E+0	-36.255016E-3	49.753125E+0
53.600000E+0	0.000000E+0	50.000000E+0	5.058423E+0	-42.591357E-3	49.753125E+0
53.700000E+0	0.000000E+0	50.000000E+0	4.218078E+0	-9.642381E-3	49.753125E+0
53.800000E+0	0.000000E+0	50.000000E+0	4.921169E+0	-34.987747E-3	49.767187E+0
53.900000E+0	0.000000E+0	50.000000E+0	4.553949E+0	-15.978722E-3	49.767187E+0
54.000000E+0	0.000000E+0	50.000000E+0	4.600512E+0	-38.789552E-3	49.767187E+0
54.100000E+0	0.000000E+0	50.000000E+0	5.188160E+0	-33.720479E-3	49.767187E+0
54.200000E+0	0.000000E+0	50.000000E+0	5.361449E+0	-5.840576E-3	49.767187E+0
54.300000E+0	0.000000E+0	50.000000E+0	4.819805E+0	-3.306039E-3	49.781250E+0
54.400000E+0	0.000000E+0	50.000000E+0	4.856614E+0	-22.315064E-3	49.781250E+0
54.500000E+0	0.000000E+0	50.000000E+0	5.046071E+0	-37.522284E-3	49.795313E+0
54.600000E+0	0.000000E+0	50.000000E+0	4.630792E+0	-14.711454E-3	49.795313E+0
54.700000E+0	0.000000E+0	50.000000E+0	5.194229E+0	-8.375112E-3	49.795313E+0
54.800000E+0	0.000000E+0	50.000000E+0	4.743851E+0	-12.176917E-3	49.795313E+0
54.900000E+0	0.000000E+0	50.000000E+0	5.114278E+0	-42.591357E-3	49.795313E+0
55.000000E+0	0.000000E+0	50.000000E+0	4.831565E+0	-33.720479E-3	49.795313E+0
55.100000E+0	0.000000E+0	50.000000E+0	5.506136E+0	-9.642381E-3	49.795313E+0
55.200000E+0	0.000000E+0	50.000000E+0	5.471038E+0	-33.720479E-3	49.809375E+0
55.300000E+0	0.000000E+0	50.000000E+0	5.050495E+0	-43.858626E-3	49.809375E+0
55.400000E+0	0.000000E+0	50.000000E+0	5.342074E+0	-13.444186E-3	49.809375E+0
55.500000E+0	0.000000E+0	50.000000E+0	5.456449E+0	-40.056821E-3	49.809375E+0
55.600000E+0	0.000000E+0	50.000000E+0	5.494574E+0	-37.522284E-3	49.809375E+0
55.700000E+0	0.000000E+0	50.000000E+0	5.608735E+0	-10.909649E-3	49.809375E+0
55.800000E+0	0.000000E+0	50.000000E+0	5.236071E+0	-38.789552E-3	49.823438E+0
55.900000E+0	0.000000E+0	50.000000E+0	5.423455E+0	-28.651406E-3	49.823438E+0
56.000000E+0	0.000000E+0	50.000000E+0	4.885792E+0	-9.642381E-3	49.823438E+0
56.100000E+0	0.000000E+0	50.000000E+0	5.255150E+0	-24.849601E-3	49.823438E+0
56.200000E+0	0.000000E+0	50.000000E+0	5.670643E+0	-36.255016E-3	49.823438E+0
56.300000E+0	0.000000E+0	50.000000E+0	5.427156E+0	-31.185942E-3	49.823438E+0
56.400000E+0	0.000000E+0	50.000000E+0	5.310397E+0	-7.107844E-3	49.823438E+0
56.500000E+0	0.000000E+0	50.000000E+0	5.786548E+0	-43.858626E-3	49.823438E+0
56.600000E+0	0.000000E+0	50.000000E+0	5.350265E+0	-10.909649E-3	49.823438E+0
56.700000E+0	0.000000E+0	50.000000E+0	5.547617E+0	-24.849601E-3	49.823438E+0
56.800000E+0	0.000000E+0	50.000000E+0	5.380167E+0	-43.858626E-3	49.823438E+0
56.900000E+0	0.000000E+0	50.000000E+0	5.440824E+0	-33.720479E-3	49.823438E+0
57.000000E+0	0.000000E+0	50.000000E+0	6.059080E+0	-24.849601E-3	49.837500E+0
57.100000E+0	0.000000E+0	50.000000E+0	5.049969E+0	-10.909649E-3	49.837500E+0
57.200000E+0	0.000000E+0	50.000000E+0	5.849985E+0	-43.858626E-3	49.837500E+0
57.300000E+0	0.000000E+0	50.000000E+0	5.205315E+0	-21.047796E-3	49.837500E+0
57.400000E+0	0.000000E+0	50.000000E+0	5.802567E+0	-34.987747E-3	49.837500E+0
57.500000E+0	0.000000E+0	50.000000E+0	5.976104E+0	-38.789552E-3	49.837500E+0
57.600000E+0	0.000000E+0	50.000000E+0	5.523160E+0	-9.642381E-3	49.837500E+0
57.700000E+0	0.000000E+0	50.000000E+0	5.523160E+0	-18.513259E-3	49.837500E+0
57.800000E+0	0.000000E+0	50.000000E+0	6.145758E+0	-10.909649E-3	49.837500E+0
57.900000E+0	0.000000E+0	50.000000E+0	6.134722E+0	-33.720479E-3	49.837500E+0
58.000000E+0	0.000000E+0	50.000000E+0	5.941005E+0	-34.987747E-3	49.851562E+0
58.100000E+0	0.000000E+0	50.000000E+0	6.046729E+0	-33.720479E-3	49.851562E+0
58.200000E+0	0.000000E+0	50.000000E+0	5.378851E+0	-12.176917E-3	49.865625E+0
58.300000E+0	0.000000E+0	50.000000E+0	5.811252E+0	-40.056821E-3	49.865625E+0
58.400000E+0	0.000000E+0	50.000000E+0	5.811252E+0	-19.780527E-3	49.865625E+0
58.500000E+0	0.000000E+0	50.000000E+0	5.457946E+0	-8.375112E-3	49.865625E+0
58.600000E+0	0.000000E+0	50.000000E+0	6.094640E+0	-38.789552E-3	49.865625E+0
58.700000E+0	0.000000E+0	50.000000E+0	6.197551E+0	-7.107844E-3	49.865625E+0
58.800000E+0	0.000000E+0	50.000000E+0	5.921811E+0	-29.918674E-3	49.865625E+0
58.900000E+0	0.000000E+0	50.000000E+0	6.152979E+0	-42.591357E-3	49.865625E+0
59.000000E+0	0.000000E+0	50.000000E+0	5.953275E+0	-26.116869E-3	49.865625E+0
59.100000E+0	0.000000E+0	50.000000E+0	5.975133E+0	-21.047796E-3	49.879688E+0
59.200000E+0	0.000000E+0	50.000000E+0	5.669706E+0	-10.909649E-3	49.879688E+0
59.300000E+0	0.000000E+0	50.000000E+0	5.792584E+0	-34.987747E-3	49.879688E+0
59.400000E+0	0.000000E+0	50.000000E+0	6.142288E+0	-38.789552E-3	49.879688E+0
59.500000E+0	0.000000E+0	50.000000E+0	6.217041E+0	-7.107844E-3	49.879688E+0
59.600000E+0	0.000000E+0	50.000000E+0	6.342485E+0	-43.858626E-3	49.879688E+0
59.700000E+0	0.000000E+0	50.000000E+0	5.781038E+0	-12.176917E-3	49.879688E+0
59.800000E+0	0.000000E+0	50.000000E+0	5.779755E+0	-14.711454E-3	49.879688E+0
59.900000E+0	0.000000E+0	50.000000E+0	6.386761E+0	-18.513259E-3	49.879688E+0
60.000000E+0	0.000000E+0	50.000000E+0	5.777190E+0	-5.840576E-3	49.879688E+0
60.100000E+0	0.000000E+0	50.000000E+0	5.851943E+0	-22.315064E-3	49.879688E+0
60.200000E+0	0.000000E+0	50.000000E+0	6.405692E+0	-38.789552E-3	49.879688E+0
60.300000E+0	0.000000E+0	50.000000E+0	6.505791E+0	-41.324089E-3	49.893750E+0
60.400000E+0	0.000000E+0	50.000000E+0	6.144410E+0	-21.047796E-3	49.893750E+0
60.500000E+0	0.000000E+0	50.000000E+0	5.730693E+0	-10.909649E-3	49.893750E+0
60.600000E+0	0.000000E+0	50.000000E+0	6.229410E+0	-19.780527E-3	49.893750E+0
60.700000E+0	0.000000E+0	50.000000E+0	5.938324E+0	-15.978722E-3	49.893750E+0
60.800000E+0	0.000000E+0	50.000000E+0	5.858193E+0	-9.642381E-3	49.893750E+0
60.900000E+0	0.000000E+0	50.000000E+0	6.276778E+0	-33.720479E-3	49.893750E+0
61.000000E+0	0.000000E+0	50.000000E+0	6.399410E+0	-4.573307E-3	49.893750E+0
61.100000E+0	0.000000E+0	50.000000E+0	6.535100E+0	-36.255016E-3	49.893750E+0
61.200000E+0	0.000000E+0	50.000000E+0	6.535100E+0	-21.047796E-3	49.893750E+0
61.300000E+0	0.000000E+0	50.000000E+0	6.446778E+0	-24.849601E-3	49.893750E+0
61.400000E+0	0.000000E+0	50.000000E+0	6.746827E+0	-41.324089E-3	49.893750E+0
61.500000E+0	0.000000E+0	50.000000E+0	6.709196E+0	-22.315064E-3	49.893750E+0
61.600000E+0	0.000000E+0	50.000000E+0	6.679755E+0	-18.513259E-3	49.893750E+0
61.700000E+0	0.000000E+0	50.000000E+0	6.523587E+0	-37.522284E-3	49.907812E+0
61.800000E+0	0.000000E+0	50.000000E+0	6.134048E+0	-37.522284E-3	49.907812E+0
61.900000E+0	0.000000E+0	50.000000E+0	6.532666E+0	-28.651406E-3	49.907812E+0
62.000000E+0	0.000000E+0	50.000000E+0	6.638669E+0	-45.125894E-3	49.907812E+0
62.100000E+0	0.000000E+0	50.000000E+0	6.276926E+0	-26.116869E-3	49.907812E+0
62.200000E+0	0.000000E+0	50.000000E+0	6.092601E+0	-38.789552E-3	49.907812E+0
62.300000E+0	0.000000E+0	50.000000E+0	6.617946E+0	-40.056821E-3	49.907812E+0
62.400000E+0	0.000000E+0	50.000000E+0	6.636383E+0	-7.107844E-3	49.907812E+0
62.500000E+0	0.000000E+0	50.000000E+0	6.299986E+0	-42.591357E-3	49.907812E+0
62.600000E+0	0.000000E+0	50.000000E+0	6.159443E+0	-10.909649E-3	49.907812E+0
62.700000E+0	0.000000E+0	50.000000E+0	5.481384E+0	-48.927699E-3	49.921875E+0
62.800000E+0	0.000000E+0	50.000000E+0	6.060512E+0	-15.978722E-3	49.921875E+0
62.900000E+0	0.000000E+0	50.000000E+0	6.547979E+0	-37.522284E-3	49.921875E+0
63.000000E+0	0.000000E+0	50.000000E+0	6.306334E+0	-23.582332E-3	49.921875E+0
63.100000E+0	0.000000E+0	50.000000E+0	6.306334E+0	-19.780527E-3	49.921875E+0
63.200000E+0	0.000000E+0	50.000000E+0	6.140726E+0	-12.176917E-3	49.921875E+0
63.300000E+0	0.000000E+0	50.000000E+0	6.618472E+0	-33.720479E-3	49.921875E+0
63.400000E+0	0.000000E+0	50.000000E+0	6.852485E+0	-8.375112E-3	49.921875E+0
63.500000E+0	0.000000E+0	50.000000E+0	6.174065E+0	-8.375112E-3	49.921875E+0
63.600000E+0	0.000000E+0	50.000000E+0	6.838949E+0	-40.056821E-3	49.921875E+0
63.700000E+0	0.000000E+0	50.000000E+0	6.794163E+0	-36.255016E-3	49.921875E+0
63.800000E+0	0.000000E+0	50.000000E+0	6.566696E+0	-24.849601E-3	49.935938E+0
63.900000E+0	0.000000E+0	50.000000E+0	6.617666E+0	-38.789552E-3	49.935938E+0
64.000000E+0	0.000000E+0	50.000000E+0	6.098505E+0	-13.444186E-3	49.935938E+0
64.100000E+0	0.000000E+0	50.000000E+0	6.656383E+0	-37.522284E-3	49.935938E+0
64.200000E+0	0.000000E+0	50.000000E+0	6.669475E+0	-46.393162E-3	49.935938E+0
64.300000E+0	0.000000E+0	50.000000E+0	6.707633E+0	-32.453211E-3	49.935938E+0
64.400000E+0	0.000000E+0	50.000000E+0	6.505150E+0	-27.384137E-3	49.935938E+0
64.500000E+0	0.000000E+0	50.000000E+0	6.543308E+0	-8.375112E-3	49.935938E+0
64.600000E+0	0.000000E+0	50.000000E+0	6.708192E+0	-5.840576E-3	49.935938E+0
64.700000E+0	0.000000E+0	50.000000E+0	6.885890E+0	-17.245991E-3	49.935938E+0
64.800000E+0	0.000000E+0	50.000000E+0	6.797321E+0	-24.849601E-3	49.950000E+0
64.900000E+0	0.000000E+0	50.000000E+0	6.500725E+0	-36.255016E-3	49.950000E+0
65.000000E+0	0.000000E+0	50.000000E+0	6.642107E+0	-10.909649E-3	49.950000E+0
65.100000E+0	0.000000E+0	50.000000E+0	6.221236E+0	-38.789552E-3	49.950000E+0
65.200000E+0	0.000000E+0	50.000000E+0	6.586071E+0	-37.522284E-3	49.950000E+0
65.300000E+0	0.000000E+0	50.000000E+0	6.646761E+0	-36.255016E-3	49.950000E+0
65.400000E+0	0.000000E+0	50.000000E+0	6.702107E+0	-28.651406E-3	49.950000E+0
65.500000E+0	0.000000E+0	50.000000E+0	6.762798E+0	-5.840576E-3	49.964063E+0
65.600000E+0	0.000000E+0	50.000000E+0	5.742749E+0	-36.255016E-3	49.964063E+0
65.700000E+0	0.000000E+0	50.000000E+0	5.941729E+0	-14.711454E-3	49.964063E+0
65.800000E+0	0.000000E+0	50.000000E+0	6.191400E+0	-26.116869E-3	49.964063E+0
65.900000E+0	0.000000E+0	50.000000E+0	6.191400E+0	-33.720479E-3	49.964063E+0
66.000000E+0	0.000000E+0	50.000000E+0	5.890660E+0	-9.642381E-3	49.964063E+0
66.100000E+0	0.000000E+0	50.000000E+0	5.890660E+0	-22.315064E-3	49.964063E+0
66.200000E+0	0.000000E+0	50.000000E+0	6.647238E+0	-46.393162E-3	49.964063E+0
66.300000E+0	0.000000E+0	50.000000E+0	6.654426E+0	-10.909649E-3	49.964063E+0
66.400000E+0	0.000000E+0	50.000000E+0	6.230742E+0	-12.176917E-3	49.964063E+0
66.500000E+0	0.000000E+0	50.000000E+0	6.549261E+0	-40.056821E-3	49.964063E+0
66.600000E+0	0.000000E+0	50.000000E+0	6.614327E+0	-40.056821E-3	49.964063E+0
66.700000E+0	0.000000E+0	50.000000E+0	6.628702E+0	-42.591357E-3	49.964063E+0
66.800000E+0	0.000000E+0	50.000000E+0	6.599574E+0	-40.056821E-3	49.964063E+0
66.900000E+0	0.000000E+0	50.000000E+0	6.327962E+0	-33.720479E-3	49.964063E+0
67.000000E+0	0.000000E+0	50.000000E+0	6.450906E+0	-36.255016E-3	49.964063E+0
67.100000E+0	0.000000E+0	50.000000E+0	6.559475E+0	-26.116869E-3	49.964063E+0
67.200000E+0	0.000000E+0	50.000000E+0	6.150167E+0	-23.582332E-3	49.964063E+0
67.300000E+0	0.000000E+0	50.000000E+0	6.240578E+0	-18.513259E-3	49.964063E+0
67.400000E+0	0.000000E+0	50.000000E+0	6.667666E+0	-38.789552E-3	49.964063E+0
67.500000E+0	0.000000E+0	50.000000E+0	6.207667E+0	-36.255016E-3	49.964063E+0
67.600000E+0	0.000000E+0	50.000000E+0	6.645725E+0	-12.176917E-3	49.978125E+0
67.700000E+0	0.000000E+0	50.000000E+0	6.483357E+0	-41.324089E-3	49.978125E+0
67.800000E+0	0.000000E+0	50.000000E+0	6.483357E+0	-41.324089E-3	49.978125E+0
67.900000E+0	0.000000E+0	50.000000E+0	5.867223E+0	-9.642381E-3	49.978125E+0
68.000000E+0	0.000000E+0	50.000000E+0	5.867223E+0	-29.918674E-3	49.978125E+0
68.100000E+0	0.000000E+0	50.000000E+0	6.336564E+0	-41.324089E-3	49.978125E+0
68.200000E+0	0.000000E+0	50.000000E+0	6.345314E+0	-32.453211E-3	49.978125E+0
68.300000E+0	0.000000E+0	50.000000E+0	6.248308E+0	-37.522284E-3	49.978125E+0
68.400000E+0	0.000000E+0	50.000000E+0	6.185397E+0	-27.384137E-3	49.978125E+0
68.500000E+0	0.000000E+0	50.000000E+0	6.502666E+0	-38.789552E-3	49.978125E+0
68.600000E+0	0.000000E+0	50.000000E+0	6.439755E+0	-34.987747E-3	49.978125E+0
68.700000E+0	0.000000E+0	50.000000E+0	6.439755E+0	-32.453211E-3	49.978125E+0
68.800000E+0	0.000000E+0	50.000000E+0	6.579607E+0	-37.522284E-3	49.978125E+0
68.900000E+0	0.000000E+0	50.000000E+0	6.507946E+0	-33.720479E-3	49.978125E+0
69.000000E+0	0.000000E+0	50.000000E+0	6.546416E+0	-38.789552E-3	49.978125E+0
69.100000E+0	0.000000E+0	50.000000E+0	6.018538E+0	-43.858626E-3	49.978125E+0
69.200000E+0	0.000000E+0	50.000000E+0	6.285117E+0	-24.849601E-3	49.978125E+0
69.300000E+0	0.000000E+0	50.000000E+0	6.289492E+0	-45.125894E-3	49.978125E+0
69.400000E+0	0.000000E+0	50.000000E+0	5.973127E+0	-18.513259E-3	49.978125E+0
69.500000E+0	0.000000E+0	50.000000E+0	6.716893E+0	-45.125894E-3	49.978125E+0
69.600000E+0	0.000000E+0	50.000000E+0	6.290397E+0	-42.591357E-3	49.978125E+0
69.700000E+0	0.000000E+0	50.000000E+0	6.598916E+0	-36.255016E-3	49.978125E+0
69.800000E+0	0.000000E+0	50.000000E+0	6.324492E+0	-38.789552E-3	49.978125E+0
69.900000E+0	0.000000E+0	50.000000E+0	6.633011E+0	-36.255016E-3	49.978125E+0
70.000000E+0	0.000000E+0	50.000000E+0	6.206515E+0	-42.591357E-3	49.978125E+0
70.100000E+0	0.000000E+0	50.000000E+0	6.515035E+0	-9.642381E-3	49.978125E+0
70.200000E+0	0.000000E+0	50.000000E+0	6.646136E+0	-19.780527E-3	49.978125E+0
70.300000E+0	0.000000E+0	50.000000E+0	6.574475E+0	-12.176917E-3	49.978125E+0
70.400000E+0	0.000000E+0	50.000000E+0	6.122634E+0	-41.324089E-3	49.978125E+0
70.500000E+0	0.000000E+0	50.000000E+0	6.566630E+0	-34.987747E-3	49.978125E+0
70.600000E+0	0.000000E+0	50.000000E+0	6.672386E+0	-10.909649E-3	49.978125E+0
70.700000E+0	0.000000E+0	50.000000E+0	6.600725E+0	-42.591357E-3	49.978125E+0
70.800000E+0	0.000000E+0	50.000000E+0	6.402337E+0	-10.909649E-3	49.978125E+0
70.900000E+0	0.000000E+0	50.000000E+0	6.482748E+0	-36.255016E-3	49.978125E+0
71.000000E+0	0.000000E+0	50.000000E+0	6.664541E+0	-42.591357E-3	49.978125E+0
71.100000E+0	0.000000E+0	50.000000E+0	6.719607E+0	-22.315064E-3	49.978125E+0
71.200000E+0	0.000000E+0	50.000000E+0	6.652321E+0	-37.522284E-3	49.978125E+0
71.300000E+0	0.000000E+0	50.000000E+0	6.555314E+0	-41.324089E-3	49.978125E+0
71.400000E+0	0.000000E+0	50.000000E+0	6.686416E+0	-37.522284E-3	49.978125E+0
71.500000E+0	0.000000E+0	50.000000E+0	6.796548E+0	-28.651406E-3	49.978125E+0
71.600000E+0	0.000000E+0	50.000000E+0	6.496778E+0	-12.176917E-3	49.978125E+0
71.700000E+0	0.000000E+0	50.000000E+0	6.653225E+0	-17.245991E-3	49.978125E+0
71.800000E+0	0.000000E+0	50.000000E+0	6.636630E+0	-34.987747E-3	49.978125E+0
71.900000E+0	0.000000E+0	50.000000E+0	6.260824E+0	-8.375112E-3	49.978125E+0
72.000000E+0	0.000000E+0	50.000000E+0	6.260824E+0	-15.978722E-3	49.978125E+0
72.100000E+0	0.000000E+0	50.000000E+0	6.493308E+0	-15.978722E-3	49.978125E+0
72.200000E+0	0.000000E+0	50.000000E+0	6.780857E+0	-31.185942E-3	49.978125E+0
72.300000E+0	0.000000E+0	50.000000E+0	6.185693E+0	-31.185942E-3	49.978125E+0
72.400000E+0	0.000000E+0	50.000000E+0	6.198818E+0	-15.978722E-3	49.978125E+0
72.500000E+0	0.000000E+0	50.000000E+0	6.304574E+0	-34.987747E-3	49.978125E+0
72.600000E+0	0.000000E+0	50.000000E+0	6.905018E+0	-23.582332E-3	49.978125E+0
72.700000E+0	0.000000E+0	50.000000E+0	6.706630E+0	-40.056821E-3	49.978125E+0
72.800000E+0	0.000000E+0	50.000000E+0	6.939113E+0	-46.393162E-3	49.978125E+0
72.900000E+0	0.000000E+0	50.000000E+0	6.791416E+0	-42.591357E-3	49.978125E+0
73.000000E+0	0.000000E+0	50.000000E+0	6.770446E+0	-33.720479E-3	49.978125E+0
73.100000E+0	0.000000E+0	50.000000E+0	6.585183E+0	-36.255016E-3	49.978125E+0
73.200000E+0	0.000000E+0	50.000000E+0	6.792321E+0	-37.522284E-3	49.978125E+0
73.300000E+0	0.000000E+0	50.000000E+0	6.568587E+0	-26.116869E-3	49.978125E+0
73.400000E+0	0.000000E+0	50.000000E+0	6.953143E+0	-24.849601E-3	49.978125E+0
73.500000E+0	0.000000E+0	50.000000E+0	6.885857E+0	-23.582332E-3	49.978125E+0
73.600000E+0	0.000000E+0	50.000000E+0	6.392074E+0	-15.978722E-3	49.978125E+0
73.700000E+0	0.000000E+0	50.000000E+0	6.396449E+0	-18.513259E-3	49.978125E+0
73.800000E+0	0.000000E+0	50.000000E+0	6.299443E+0	-22.315064E-3	49.978125E+0
73.900000E+0	0.000000E+0	50.000000E+0	6.697123E+0	-29.918674E-3	49.978125E+0
74.000000E+0	0.000000E+0	50.000000E+0	6.697123E+0	-27.384137E-3	49.978125E+0
74.100000E+0	0.000000E+0	50.000000E+0	6.938357E+0	-41.324089E-3	49.978125E+0
74.200000E+0	0.000000E+0	50.000000E+0	6.309098E+0	-37.522284E-3	49.978125E+0
74.300000E+0	0.000000E+0	50.000000E+0	7.023143E+0	-28.651406E-3	49.992187E+0
74.400000E+0	0.000000E+0	50.000000E+0	6.211203E+0	-37.522284E-3	49.992187E+0
74.500000E+0	0.000000E+0	50.000000E+0	6.116071E+0	-13.444186E-3	49.992187E+0
74.600000E+0	0.000000E+0	50.000000E+0	6.116071E+0	-28.651406E-3	49.992187E+0
74.700000E+0	0.000000E+0	50.000000E+0	6.603883E+0	-14.711454E-3	49.992187E+0
74.800000E+0	0.000000E+0	50.000000E+0	6.458061E+0	-29.918674E-3	49.992187E+0
74.900000E+0	0.000000E+0	50.000000E+0	6.055660E+0	-37.522284E-3	49.992187E+0
75.000000E+0	0.000000E+0	50.000000E+0	6.111038E+0	-12.176917E-3	49.992187E+0
75.100000E+0	0.000000E+0	50.000000E+0	6.343834E+0	-23.582332E-3	49.992187E+0
75.200000E+0	0.000000E+0	50.000000E+0	6.193324E+0	-38.789552E-3	49.992187E+0
75.300000E+0	0.000000E+0	50.000000E+0	6.654229E+0	-23.582332E-3	49.992187E+0
75.400000E+0	0.000000E+0	50.000000E+0	6.658916E+0	-37.522284E-3	49.992187E+0
75.500000E+0	0.000000E+0	50.000000E+0	6.764985E+0	-24.849601E-3	49.992187E+0
75.600000E+0	0.000000E+0	50.000000E+0	6.642946E+0	-31.185942E-3	49.992187E+0
75.700000E+0	0.000000E+0	50.000000E+0	6.242107E+0	-37.522284E-3	49.992187E+0
75.800000E+0	0.000000E+0	50.000000E+0	6.319706E+0	-9.642381E-3	49.992187E+0
75.900000E+0	0.000000E+0	50.000000E+0	6.097848E+0	-13.444186E-3	49.992187E+0
76.000000E+0	0.000000E+0	50.000000E+0	6.175446E+0	-29.918674E-3	49.992187E+0
76.100000E+0	0.000000E+0	50.000000E+0	6.737732E+0	-33.720479E-3	49.992187E+0
76.200000E+0	0.000000E+0	50.000000E+0	6.666383E+0	-37.522284E-3	49.992187E+0
76.300000E+0	0.000000E+0	50.000000E+0	6.542781E+0	-31.185942E-3	49.992187E+0
76.400000E+0	0.000000E+0	50.000000E+0	6.674196E+0	-37.522284E-3	49.992187E+0
76.500000E+0	0.000000E+0	50.000000E+0	6.197321E+0	-13.444186E-3	49.992187E+0
76.600000E+0	0.000000E+0	50.000000E+0	6.198884E+0	-15.978722E-3	49.992187E+0
76.700000E+0	0.000000E+0	50.000000E+0	6.178226E+0	-12.176917E-3	49.992187E+0
76.800000E+0	0.000000E+0	50.000000E+0	6.715166E+0	-37.522284E-3	49.992187E+0
76.900000E+0	0.000000E+0	50.000000E+0	6.694508E+0	-12.176917E-3	49.992187E+0
77.000000E+0	0.000000E+0	50.000000E+0	6.116252E+0	-37.522284E-3	49.992187E+0
77.100000E+0	0.000000E+0	50.000000E+0	6.193851E+0	-41.324089E-3	49.992187E+0
77.200000E+0	0.000000E+0	50.000000E+0	6.732354E+0	-42.591357E-3	49.992187E+0
77.300000E+0	0.000000E+0	50.000000E+0	6.455117E+0	-42.591357E-3	49.992187E+0
77.400000E+0	0.000000E+0	50.000000E+0	6.889113E+0	-46.393162E-3	49.992187E+0
77.500000E+0	0.000000E+0	50.000000E+0	6.741729E+0	-40.056821E-3	49.992187E+0
77.600000E+0	0.000000E+0	50.000000E+0	6.876268E+0	-45.125894E-3	49.992187E+0
77.700000E+0	0.000000E+0	50.000000E+0	6.372486E+0	-19.780527E-3	49.992187E+0
77.800000E+0	0.000000E+0	50.000000E+0	6.551466E+0	-18.513259E-3	49.992187E+0
77.900000E+0	0.000000E+0	50.000000E+0	6.430989E+0	-7.107844E-3	49.992187E+0
78.000000E+0	0.000000E+0	50.000000E+0	6.891893E+0	-23.582332E-3	49.992187E+0
78.100000E+0	0.000000E+0	50.000000E+0	6.467272E+0	-43.858626E-3	49.992187E+0
78.200000E+0	0.000000E+0	50.000000E+0	6.803011E+0	-42.591357E-3	49.992187E+0
78.300000E+0	0.000000E+0	50.000000E+0	6.779229E+0	-14.711454E-3	49.992187E+0
78.400000E+0	0.000000E+0	50.000000E+0	6.327699E+0	-12.176917E-3	49.992187E+0
78.500000E+0	0.000000E+0	50.000000E+0	6.889985E+0	-36.255016E-3	49.992187E+0
78.600000E+0	0.000000E+0	50.000000E+0	6.739475E+0	-13.444186E-3	49.992187E+0
78.700000E+0	0.000000E+0	50.000000E+0	6.440018E+0	-41.324089E-3	49.992187E+0
78.800000E+0	0.000000E+0	50.000000E+0	6.826449E+0	-38.789552E-3	49.992187E+0
78.900000E+0	0.000000E+0	50.000000E+0	6.574558E+0	-14.711454E-3	49.992187E+0
79.000000E+0	0.000000E+0	50.000000E+0	6.526992E+0	-24.849601E-3	49.992187E+0
79.100000E+0	0.000000E+0	50.000000E+0	5.872700E+0	8.099376E-3	49.992187E+0
79.200000E+0	0.000000E+0	50.000000E+0	6.536367E+0	-40.056821E-3	49.992187E+0
79.300000E+0	0.000000E+0	50.000000E+0	6.845199E+0	-13.444186E-3	49.992187E+0
79.400000E+0	0.000000E+0	50.000000E+0	6.471268E+0	-21.047796E-3	49.992187E+0
79.500000E+0	0.000000E+0	50.000000E+0	6.471268E+0	-21.047796E-3	49.992187E+0
79.600000E+0	0.000000E+0	50.000000E+0	6.908390E+0	-42.591357E-3	49.992187E+0
79.700000E+0	0.000000E+0	50.000000E+0	6.786350E+0	-36.255016E-3	49.992187E+0
79.800000E+0	0.000000E+0	50.000000E+0	6.889294E+0	-38.789552E-3	49.992187E+0
79.900000E+0	0.000000E+0	50.000000E+0	6.236565E+0	-43.858626E-3	49.992187E+0
80.000000E+0	0.000000E+0	50.000000E+0	6.871761E+0	-17.245991E-3	49.992187E+0
80.100000E+0	0.000000E+0	50.000000E+0	6.417107E+0	-12.176917E-3	49.992187E+0
80.200000E+0	0.000000E+0	50.000000E+0	6.854229E+0	-37.522284E-3	49.992187E+0
80.300000E+0	0.000000E+0	50.000000E+0	6.551647E+0	-17.245991E-3	49.992187E+0
80.400000E+0	0.000000E+0	50.000000E+0	6.858916E+0	-17.245991E-3	49.992187E+0
80.500000E+0	0.000000E+0	50.000000E+0	6.660841E+0	-43.858626E-3	49.992187E+0
80.600000E+0	0.000000E+0	50.000000E+0	6.362946E+0	-41.324089E-3	49.992187E+0
80.700000E+0	0.000000E+0	50.000000E+0	6.922107E+0	-41.324089E-3	49.992187E+0
80.800000E+0	0.000000E+0	50.000000E+0	6.877666E+0	-8.375112E-3	49.992187E+0
80.900000E+0	0.000000E+0	50.000000E+0	6.904574E+0	-29.918674E-3	49.992187E+0
81.000000E+0	0.000000E+0	50.000000E+0	6.605117E+0	-8.375112E-3	49.992187E+0
81.100000E+0	0.000000E+0	50.000000E+0	6.559114E+0	-42.591357E-3	49.992187E+0
81.200000E+0	0.000000E+0	50.000000E+0	6.460857E+0	-17.245991E-3	49.992187E+0
81.300000E+0	0.000000E+0	50.000000E+0	6.897979E+0	-43.858626E-3	49.992187E+0
81.400000E+0	0.000000E+0	50.000000E+0	6.877321E+0	-37.522284E-3	49.992187E+0
81.500000E+0	0.000000E+0	50.000000E+0	6.603209E+0	-36.255016E-3	49.992187E+0
81.600000E+0	0.000000E+0	50.000000E+0	6.430479E+0	-23.582332E-3	49.992187E+0
81.700000E+0	0.000000E+0	50.000000E+0	6.512765E+0	-21.047796E-3	49.992187E+0
81.800000E+0	0.000000E+0	50.000000E+0	6.975232E+0	-41.324089E-3	49.992187E+0
81.900000E+0	0.000000E+0	50.000000E+0	7.003702E+0	-24.849601E-3	49.992187E+0
82.000000E+0	0.000000E+0	50.000000E+0	7.008390E+0	-46.393162E-3	49.992187E+0
82.100000E+0	0.000000E+0	50.000000E+0	6.913258E+0	-37.522284E-3	49.992187E+0
82.200000E+0	0.000000E+0	50.000000E+0	6.913258E+0	-42.591357E-3	49.992187E+0
82.300000E+0	0.000000E+0	50.000000E+0	6.437946E+0	-34.987747E-3	49.992187E+0
82.400000E+0	0.000000E+0	50.000000E+0	6.795906E+0	-31.185942E-3	49.992187E+0
82.500000E+0	0.000000E+0	50.000000E+0	6.572486E+0	-38.789552E-3	49.992187E+0
82.600000E+0	0.000000E+0	50.000000E+0	6.575611E+0	-50.194967E-3	49.992187E+0
82.700000E+0	0.000000E+0	50.000000E+0	6.477354E+0	-28.651406E-3	49.992187E+0
82.800000E+0	0.000000E+0	50.000000E+0	6.966729E+0	-38.789552E-3	49.992187E+0
82.900000E+0	0.000000E+0	50.000000E+0	6.966729E+0	-34.987747E-3	49.992187E+0
83.000000E+0	0.000000E+0	50.000000E+0	7.047452E+0	-12.176917E-3	49.992187E+0
83.100000E+0	0.000000E+0	50.000000E+0	6.420068E+0	-31.185942E-3	49.992187E+0
83.200000E+0	0.000000E+0	50.000000E+0	6.928538E+0	-22.315064E-3	49.992187E+0
83.300000E+0	0.000000E+0	50.000000E+0	6.451663E+0	-45.125894E-3	49.992187E+0
