0.000000E+0	0.000000E+0	50.000000E+0	100.000000E-3	-31.185942E-3	-407.812500E-3
100.000000E-3	0.000000E+0	50.000000E+0	100.000000E-3	-9.642381E-3	-407.812500E-3
200.000000E-3	0.000000E+0	50.000000E+0	100.000000E-3	-15.978722E-3	-407.812500E-3
300.000000E-3	0.000000E+0	50.000000E+0	100.000000E-3	-37.522284E-3	-407.812500E-3
400.000000E-3	0.000000E+0	50.000000E+0	100.000000E-3	-37.522284E-3	-407.812500E-3
500.000000E-3	0.000000E+0	50.000000E+0	100.000000E-3	-10.909649E-3	-407.812500E-3
600.000000E-3	0.000000E+0	50.000000E+0	100.000000E-3	-33.720479E-3	-407.812500E-3
700.000000E-3	0.000000E+0	50.000000E+0	100.000000E-3	-34.987747E-3	-407.812500E-3
800.000000E-3	0.000000E+0	50.000000E+0	100.000000E-3	-41.324089E-3	-407.812500E-3
900.000000E-3	0.000000E+0	50.000000E+0	37.971820E+0	119.618987E-3	-379.687500E-3
1.000000E+0	0.000000E+0	50.000000E+0	50.351946E+0	1.135968E+0	618.750000E-3
1.100000E+0	0.000000E+0	50.000000E+0	50.351946E+0	2.272708E+0	3.220312E+0
1.200000E+0	0.000000E+0	50.000000E+0	50.351946E+0	3.039405E+0	7.242187E+0
1.300000E+0	0.000000E+0	50.000000E+0	50.351946E+0	3.538708E+0	12.431250E+0
1.400000E+0	0.000000E+0	50.000000E+0	50.351946E+0	4.656438E+0	18.871875E+0
1.500000E+0	0.000000E+0	50.000000E+0	50.351946E+0	5.411730E+0	26.198438E+0
1.600000E+0	0.000000E+0	50.000000E+0	99.900000E+0	3.238366E+0	33.131250E+0
1.700000E+0	0.000000E+0	50.000000E+0	99.900000E+0	-303.648638E-3	35.142187E+0
1.800000E+0	0.000000E+0	50.000000E+0	99.900000E+0	-3.212030E+0	32.596875E+0
1.900000E+0	0.000000E+0	50.000000E+0	99.900000E+0	-5.387931E+0	26.240625E+0
2.000000E+0	0.000000E+0	50.000000E+0	99.900000E+0	-7.377545E+0	16.664062E+0
2.100000E+0	0.000000E+0	50.000000E+0	99.900000E+0	-9.645958E+0	4.204688E+0
2.200000E+0	0.000000E+0	50.000000E+0	99.900000E+0	-9.542042E+0	-10.532813E+0
2.300000E+0	0.000000E+0	50.000000E+0	99.900000E+0	-4.870885E+0	-21.290625E+0
2.400000E+0	0.000000E+0	50.000000E+0	99.900000E+0	-1.819302E+0	-26.507812E+0
2.500000E+0	0.000000E+0	50.000000E+0	99.900000E+0	1.300713E+0	-26.746875E+0
2.600000E+0	0.000000E+0	50.000000E+0	99.900000E+0	3.916354E+0	-22.795313E+0
2.700000E+0	0.000000E+0	50.000000E+0	99.900000E+0	6.296282E+0	-15.370313E+0
2.800000E+0	0.000000E+0	50.000000E+0	99.900000E+0	7.596499E+0	-4.710937E+0
2.900000E+0	0.000000E+0	50.000000E+0	99.900000E+0	10.404762E+0	8.718750E+0
3.000000E+0	0.000000E+0	50.000000E+0	99.900000E+0	5.933844E+0	20.390625E+0
3.100000E+0	0.000000E+0	50.000000E+0	99.900000E+0	2.205542E+0	26.226562E+0
3.200000E+0	0.000000E+0	50.000000E+0	99.900000E+0	-1.045001E+0	26.929687E+0
3.300000E+0	0.000000E+0	50.000000E+0	99.900000E+0	-3.881148E+0	23.357813E+0
3.400000E+0	0.000000E+0	50.000000E+0	99.900000E+0	-6.349789E+0	16.101562E+0
3.500000E+0	0.000000E+0	50.000000E+0	99.900000E+0	-5.709818E+0	5.625000E+0
3.600000E+0	0.000000E+0	50.000000E+0	99.900000E+0	-3.879881E+0	-2.728125E+0
3.700000E+0	0.000000E+0	50.000000E+0	99.900000E+0	-437.979088E-3	-5.667187E+0
3.800000E+0	0.000000E+0	50.000000E+0	99.900000E+0	2.363951E+0	-4.092188E+0
3.900000E+0	0.000000E+0	50.000000E+0	99.900000E+0	5.086042E+0	1.364062E+0
4.000000E+0	0.000000E+0	50.000000E+0	99.900000E+0	4.762889E+0	9.871875E+0
4.100000E+0	0.000000E+0	50.000000E+0	99.900000E+0	1.549097E+0	14.962500E+0
4.200000E+0	0.000000E+0	50.000000E+0	99.900000E+0	-1.408707E+0	15.060937E+0
4.300000E+0	0.000000E+0	50.000000E+0	99.900000E+0	-4.279071E+0	10.968750E+0
4.400000E+0	0.000000E+0	50.000000E+0	52.201707E+0	-2.698786E+0	5.470313E+0
4.500000E+0	0.000000E+0	50.000000E+0	99.900000E+0	-21.047796E-3	3.192188E+0
4.600000E+0	0.000000E+0	50.000000E+0	99.900000E+0	2.512221E+0	5.357813E+0
4.700000E+0	0.000000E+0	50.000000E+0	22.366139E+0	3.709789E+0	10.800000E+0
4.800000E+0	0.000000E+0	50.000000E+0	99.900000E+0	2.153584E+0	15.285938E+0
4.900000E+0	0.000000E+0	50.000000E+0	99.900000E+0	-982.904523E-3	16.185938E+0
5.000000E+0	0.000000E+0	50.000000E+0	11.887334E+0	-3.718938E+0	12.754688E+0
5.100000E+0	0.000000E+0	50.000000E+0	11.887334E+0	-2.947171E+0	7.790625E+0
5.200000E+0	0.000000E+0	50.000000E+0	99.900000E+0	-616.663935E-3	4.767188E+0
5.300000E+0	0.000000E+0	50.000000E+0	99.900000E+0	2.315795E+0	6.131250E+0
5.400000E+0	0.000000E+0	50.000000E+0	50.610356E+0	4.566462E+0	11.306250E+0
5.500000E+0	0.000000E+0	50.000000E+0	99.900000E+0	4.973255E+0	18.196875E+0
5.600000E+0	0.000000E+0	50.000000E+0	99.900000E+0	736.778624E-3	21.979688E+0
5.700000E+0	0.000000E+0	50.000000E+0	99.900000E+0	-2.212155E+0	20.939063E+0
5.800000E+0	0.000000E+0	50.000000E+0	99.900000E+0	-4.936784E+0	15.862500E+0
5.900000E+0	0.000000E+0	50.000000E+0	24.815262E+0	-3.801310E+0	9.295312E+0
6.000000E+0	0.000000E+0	50.000000E+0	99.900000E+0	-1.312394E+0	5.006250E+0
6.100000E+0	0.000000E+0	50.000000E+0	99.900000E+0	1.280437E+0	5.189063E+0
6.200000E+0	0.000000E+0	50.000000E+0	99.900000E+0	4.003795E+0	9.464063E+0
6.300000E+0	0.000000E+0	50.000000E+0	99.900000E+0	4.795838E+0	17.226562E+0
6.400000E+0	0.000000E+0	50.000000E+0	99.900000E+0	2.224551E+0	23.104688E+0
6.500000E+0	0.000000E+0	50.000000E+0	99.900000E+0	-1.031061E+0	23.821875E+0
6.600000E+0	0.000000E+0	50.000000E+0	99.900000E+0	-3.743016E+0	20.292188E+0
6.700000E+0	0.000000E+0	50.000000E+0	93.457355E+0	-6.098870E+0	13.021875E+0
6.800000E+0	0.000000E+0	50.000000E+0	99.900000E+0	-5.338508E+0	3.993750E+0
6.900000E+0	0.000000E+0	50.000000E+0	99.900000E+0	-1.577253E+0	-759.375000E-3
7.000000E+0	0.000000E+0	50.000000E+0	99.900000E+0	1.484467E+0	-660.937500E-3
7.100000E+0	0.000000E+0	50.000000E+0	99.900000E+0	4.249645E+0	3.557813E+0
7.200000E+0	0.000000E+0	50.000000E+0	99.900000E+0	6.690402E+0	11.278125E+0
7.300000E+0	0.000000E+0	50.000000E+0	48.413820E+0	7.225189E+0	21.403125E+0
7.400000E+0	0.000000E+0	50.000000E+0	99.900000E+0	4.879477E+0	30.712500E+0
7.500000E+0	0.000000E+0	50.000000E+0	99.900000E+0	1.104286E+0	34.945312E+0
7.600000E+0	0.000000E+0	50.000000E+0	99.900000E+0	-1.837044E+0	34.214063E+0
7.700000E+0	0.000000E+0	50.000000E+0	99.900000E+0	-4.287942E+0	29.362500E+0
7.800000E+0	0.000000E+0	50.000000E+0	75.043521E+0	-6.847826E+0	21.150000E+0
7.900000E+0	0.000000E+0	50.000000E+0	99.900000E+0	-7.926273E+0	10.321875E+0
8.000000E+0	0.000000E+0	50.000000E+0	99.900000E+0	-4.489437E+0	1.335937E+0
8.100000E+0	0.000000E+0	50.000000E+0	99.900000E+0	-780.141565E-3	-2.235937E+0
8.200000E+0	0.000000E+0	50.000000E+0	99.900000E+0	2.085152E+0	-1.167188E+0
8.300000E+0	0.000000E+0	50.000000E+0	99.900000E+0	4.794570E+0	3.853125E+0
8.400000E+0	0.000000E+0	50.000000E+0	99.900000E+0	6.161952E+0	12.360938E+0
8.500000E+0	0.000000E+0	50.000000E+0	99.900000E+0	6.349508E+0	23.681250E+0
8.600000E+0	0.000000E+0	50.000000E+0	99.900000E+0	3.735135E+0	31.978125E+0
8.700000E+0	0.000000E+0	50.000000E+0	99.900000E+0	243.811280E-3	34.875000E+0
8.800000E+0	0.000000E+0	50.000000E+0	99.900000E+0	-2.730468E+0	33.018750E+0
8.900000E+0	0.000000E+0	50.000000E+0	99.900000E+0	-5.149685E+0	27.267188E+0
9.000000E+0	0.000000E+0	50.000000E+0	62.960329E+0	-6.861766E+0	18.421875E+0
9.100000E+0	0.000000E+0	50.000000E+0	99.900000E+0	-5.680671E+0	8.775000E+0
9.200000E+0	0.000000E+0	50.000000E+0	99.900000E+0	-1.904209E+0	3.628125E+0
9.300000E+0	0.000000E+0	50.000000E+0	99.900000E+0	1.394491E+0	3.459375E+0
9.400000E+0	0.000000E+0	50.000000E+0	99.900000E+0	3.669237E+0	7.509375E+0
9.500000E+0	0.000000E+0	50.000000E+0	99.900000E+0	5.850204E+0	15.046875E+0
9.600000E+0	0.000000E+0	50.000000E+0	99.900000E+0	8.682547E+0	25.776563E+0
9.700000E+0	0.000000E+0	50.000000E+0	99.900000E+0	4.980859E+0	36.028125E+0
9.800000E+0	0.000000E+0	50.000000E+0	99.900000E+0	1.441380E+0	40.626562E+0
9.900000E+0	0.000000E+0	50.000000E+0	99.900000E+0	-1.764809E+0	40.317188E+0
10.000000E+0	0.000000E+0	50.000000E+0	99.900000E+0	-4.253725E+0	35.901563E+0
10.100000E+0	0.000000E+0	50.000000E+0	99.900000E+0	-6.646330E+0	27.928125E+0
10.200000E+0	0.000000E+0	50.000000E+0	99.900000E+0	-6.125482E+0	16.931250E+0
10.300000E+0	0.000000E+0	50.000000E+0	99.900000E+0	-4.325960E+0	8.142188E+0
10.400000E+0	0.000000E+0	50.000000E+0	99.900000E+0	-680.027357E-3	4.668750E+0
10.500000E+0	0.000000E+0	50.000000E+0	99.900000E+0	2.194137E+0	5.920313E+0
10.600000E+0	0.000000E+0	50.000000E+0	99.900000E+0	4.912426E+0	11.081250E+0
10.700000E+0	0.000000E+0	50.000000E+0	99.900000E+0	5.828661E+0	19.687500E+0
10.800000E+0	0.000000E+0	50.000000E+0	99.900000E+0	6.938787E+0	30.571875E+0
10.900000E+0	0.000000E+0	50.000000E+0	99.900000E+0	2.882263E+0	37.392187E+0
11.000000E+0	0.000000E+0	50.000000E+0	99.900000E+0	-439.246356E-3	38.896875E+0
11.100000E+0	0.000000E+0	50.000000E+0	99.900000E+0	-3.106847E+0	36.084375E+0
11.200000E+0	0.000000E+0	50.000000E+0	99.900000E+0	-5.536202E+0	29.460937E+0
11.300000E+0	0.000000E+0	50.000000E+0	42.831120E+0	-6.628588E+0	20.348437E+0
11.400000E+0	0.000000E+0	50.000000E+0	99.900000E+0	-4.791048E+0	11.446875E+0
11.500000E+0	0.000000E+0	50.000000E+0	99.900000E+0	-1.027259E+0	7.439063E+0
11.600000E+0	0.000000E+0	50.000000E+0	99.900000E+0	1.934347E+0	8.170312E+0
11.700000E+0	0.000000E+0	50.000000E+0	99.900000E+0	4.377639E+0	12.867187E+0
11.800000E+0	0.000000E+0	50.000000E+0	99.900000E+0	6.867820E+0	21.121875E+0
11.900000E+0	0.000000E+0	50.000000E+0	99.900000E+0	8.958811E+0	32.357813E+0
12.000000E+0	0.000000E+0	50.000000E+0	99.900000E+0	4.788234E+0	42.103125E+0
12.100000E+0	0.000000E+0	50.000000E+0	99.900000E+0	1.120761E+0	46.321875E+0
12.200000E+0	0.000000E+0	50.000000E+0	99.900000E+0	-1.848449E+0	45.675000E+0
12.300000E+0	0.000000E+0	50.000000E+0	99.900000E+0	-4.102920E+0	40.978125E+0
12.400000E+0	0.000000E+0	50.000000E+0	99.900000E+0	-6.789532E+0	32.850000E+0
12.500000E+0	0.000000E+0	50.000000E+0	99.900000E+0	-6.125482E+0	21.656250E+0
12.600000E+0	0.000000E+0	50.000000E+0	99.900000E+0	-4.214440E+0	12.571875E+0
12.700000E+0	0.000000E+0	50.000000E+0	99.900000E+0	-896.730265E-3	8.957813E+0
12.800000E+0	0.000000E+0	50.000000E+0	99.900000E+0	1.726515E+0	9.970313E+0
12.900000E+0	0.000000E+0	50.000000E+0	99.900000E+0	4.197687E+0	14.934375E+0
13.000000E+0	0.000000E+0	50.000000E+0	99.900000E+0	7.008487E+0	23.385938E+0
13.100000E+0	0.000000E+0	50.000000E+0	99.900000E+0	7.012288E+0	34.481250E+0
13.200000E+0	0.000000E+0	50.000000E+0	99.900000E+0	3.271315E+0	41.920313E+0
13.300000E+0	0.000000E+0	50.000000E+0	99.900000E+0	-189.594485E-3	44.100000E+0
13.400000E+0	0.000000E+0	50.000000E+0	99.900000E+0	-3.030811E+0	41.709375E+0
13.500000E+0	0.000000E+0	50.000000E+0	99.900000E+0	-5.474106E+0	35.606250E+0
13.600000E+0	0.000000E+0	50.000000E+0	99.900000E+0	-7.585377E+0	26.114062E+0
13.700000E+0	0.000000E+0	50.000000E+0	99.900000E+0	-5.410742E+0	14.779687E+0
13.800000E+0	0.000000E+0	50.000000E+0	99.900000E+0	-2.925627E+0	8.043750E+0
13.900000E+0	0.000000E+0	50.000000E+0	99.900000E+0	331.252791E-3	6.370312E+0
14.000000E+0	0.000000E+0	50.000000E+0	99.900000E+0	3.163597E+0	9.042188E+0
14.100000E+0	0.000000E+0	50.000000E+0	99.900000E+0	5.472558E+0	15.398437E+0
14.200000E+0	0.000000E+0	50.000000E+0	99.900000E+0	7.680138E+0	25.087500E+0
14.300000E+0	0.000000E+0	50.000000E+0	66.979527E+0	6.144210E+0	35.873438E+0
14.400000E+0	0.000000E+0	50.000000E+0	99.900000E+0	2.791020E+0	42.412500E+0
14.500000E+0	0.000000E+0	50.000000E+0	99.900000E+0	-492.471629E-3	44.015625E+0
14.600000E+0	0.000000E+0	50.000000E+0	99.900000E+0	-2.959844E+0	41.175000E+0
14.700000E+0	0.000000E+0	50.000000E+0	99.900000E+0	-5.632514E+0	34.678125E+0
14.800000E+0	0.000000E+0	50.000000E+0	99.900000E+0	-7.833762E+0	24.904688E+0
14.900000E+0	0.000000E+0	50.000000E+0	99.900000E+0	-4.732753E+0	15.496875E+0
15.000000E+0	0.000000E+0	50.000000E+0	99.900000E+0	-1.071613E+0	11.587500E+0
15.100000E+0	0.000000E+0	50.000000E+0	99.900000E+0	1.696101E+0	12.431250E+0
15.200000E+0	0.000000E+0	50.000000E+0	99.900000E+0	3.986054E+0	17.254687E+0
15.300000E+0	0.000000E+0	50.000000E+0	99.900000E+0	6.931183E+0	25.481250E+0
15.400000E+0	0.000000E+0	50.000000E+0	99.900000E+0	6.132805E+0	36.646875E+0
15.500000E+0	0.000000E+0	50.000000E+0	99.900000E+0	3.818774E+0	44.746875E+0
15.600000E+0	0.000000E+0	50.000000E+0	99.900000E+0	238.742207E-3	47.559375E+0
15.700000E+0	0.000000E+0	50.000000E+0	99.900000E+0	-2.461807E+0	45.745313E+0
15.800000E+0	0.000000E+0	50.000000E+0	99.900000E+0	-5.291619E+0	40.120313E+0
15.900000E+0	0.000000E+0	50.000000E+0	99.900000E+0	-7.003700E+0	31.134375E+0
16.000000E+0	0.000000E+0	50.000000E+0	99.900000E+0	-5.412010E+0	21.164062E+0
16.100000E+0	0.000000E+0	50.000000E+0	99.900000E+0	-1.819302E+0	16.143750E+0
16.200000E+0	0.000000E+0	50.000000E+0	99.900000E+0	1.451518E+0	16.031250E+0
16.300000E+0	0.000000E+0	50.000000E+0	99.900000E+0	3.760480E+0	20.067187E+0
16.400000E+0	0.000000E+0	50.000000E+0	99.900000E+0	6.417940E+0	27.590625E+0
16.500000E+0	0.000000E+0	50.000000E+0	99.900000E+0	7.799261E+0	38.432813E+0
16.600000E+0	0.000000E+0	50.000000E+0	99.900000E+0	4.433399E+0	47.756250E+0
16.700000E+0	0.000000E+0	50.000000E+0	99.900000E+0	877.445392E-3	51.581250E+0
16.800000E+0	0.000000E+0	50.000000E+0	99.900000E+0	-1.942227E+0	50.596875E+0
16.900000E+0	0.000000E+0	50.000000E+0	99.900000E+0	-4.446350E+0	45.618750E+0
17.000000E+0	0.000000E+0	50.000000E+0	99.900000E+0	-7.115220E+0	37.321875E+0
17.100000E+0	0.000000E+0	50.000000E+0	99.900000E+0	-6.814877E+0	25.917188E+0
17.200000E+0	0.000000E+0	50.000000E+0	99.900000E+0	-4.365245E+0	16.748438E+0
17.300000E+0	0.000000E+0	50.000000E+0	99.900000E+0	-968.964569E-3	12.937500E+0
17.400000E+0	0.000000E+0	50.000000E+0	99.900000E+0	2.035728E+0	13.879688E+0
17.500000E+0	0.000000E+0	50.000000E+0	99.900000E+0	4.579135E+0	18.815625E+0
17.600000E+0	0.000000E+0	50.000000E+0	99.900000E+0	6.534529E+0	27.140625E+0
17.700000E+0	0.000000E+0	50.000000E+0	99.900000E+0	6.506649E+0	38.193750E+0
17.800000E+0	0.000000E+0	50.000000E+0	99.900000E+0	3.147122E+0	45.632812E+0
17.900000E+0	0.000000E+0	50.000000E+0	99.900000E+0	-126.231068E-3	47.840625E+0
18.000000E+0	0.000000E+0	50.000000E+0	99.900000E+0	-2.934498E+0	45.492187E+0
18.100000E+0	0.000000E+0	50.000000E+0	99.900000E+0	-5.441157E+0	39.431250E+0
18.200000E+0	0.000000E+0	50.000000E+0	78.461462E+0	-7.407959E+0	30.220313E+0
18.300000E+0	0.000000E+0	50.000000E+0	99.900000E+0	-5.079985E+0	20.840625E+0
18.400000E+0	0.000000E+0	50.000000E+0	99.900000E+0	-1.385896E+0	16.368750E+0
18.500000E+0	0.000000E+0	50.000000E+0	99.900000E+0	1.575710E+0	16.706250E+0
18.600000E+0	0.000000E+0	50.000000E+0	99.900000E+0	4.280060E+0	21.093750E+0
18.700000E+0	0.000000E+0	50.000000E+0	99.900000E+0	5.747556E+0	28.954688E+0
18.800000E+0	0.000000E+0	50.000000E+0	99.900000E+0	8.813075E+0	39.937500E+0
18.900000E+0	0.000000E+0	50.000000E+0	99.900000E+0	5.092378E+0	50.301563E+0
19.000000E+0	0.000000E+0	50.000000E+0	99.900000E+0	1.541494E+0	55.040625E+0
19.100000E+0	0.000000E+0	50.000000E+0	99.900000E+0	-1.598797E+0	54.885938E+0
19.200000E+0	0.000000E+0	50.000000E+0	99.900000E+0	-3.711334E+0	50.709375E+0
19.300000E+0	0.000000E+0	50.000000E+0	99.900000E+0	-5.950599E+0	42.960937E+0
19.400000E+0	0.000000E+0	50.000000E+0	99.900000E+0	-8.671428E+0	32.203125E+0
19.500000E+0	0.000000E+0	50.000000E+0	99.900000E+0	-4.728951E+0	22.809375E+0
19.600000E+0	0.000000E+0	50.000000E+0	99.900000E+0	-1.140046E+0	18.731250E+0
19.700000E+0	0.000000E+0	50.000000E+0	99.900000E+0	1.626401E+0	19.364062E+0
19.800000E+0	0.000000E+0	50.000000E+0	99.900000E+0	4.107711E+0	24.075000E+0
19.900000E+0	0.000000E+0	50.000000E+0	99.900000E+0	6.814595E+0	32.245313E+0
20.000000E+0	0.000000E+0	50.000000E+0	99.900000E+0	6.322895E+0	42.820312E+0
20.100000E+0	0.000000E+0	50.000000E+0	99.900000E+0	2.651621E+0	49.401563E+0
20.200000E+0	0.000000E+0	50.000000E+0	99.900000E+0	-643.276572E-3	50.695312E+0
20.300000E+0	0.000000E+0	50.000000E+0	99.900000E+0	-3.424931E+0	47.629688E+0
20.400000E+0	0.000000E+0	50.000000E+0	38.735766E+0	-5.406940E+0	40.879688E+0
20.500000E+0	0.000000E+0	50.000000E+0	38.735766E+0	-6.499327E+0	31.851562E+0
20.600000E+0	0.000000E+0	50.000000E+0	99.900000E+0	-3.948314E+0	23.639063E+0
20.700000E+0	0.000000E+0	50.000000E+0	99.900000E+0	-676.225552E-3	20.418750E+0
20.800000E+0	0.000000E+0	50.000000E+0	99.900000E+0	2.138377E+0	21.754687E+0
20.900000E+0	0.000000E+0	50.000000E+0	99.900000E+0	4.525910E+0	26.957812E+0
21.000000E+0	0.000000E+0	50.000000E+0	10.325243E+0	6.964132E+0	35.648437E+0
21.100000E+0	0.000000E+0	50.000000E+0	10.325243E+0	6.515520E+0	45.323438E+0
21.200000E+0	0.000000E+0	50.000000E+0	99.900000E+0	3.392972E+0	53.296875E+0
21.300000E+0	0.000000E+0	50.000000E+0	99.900000E+0	314.778303E-3	56.221875E+0
21.400000E+0	0.000000E+0	50.000000E+0	99.900000E+0	-2.700054E+0	54.478125E+0
21.500000E+0	0.000000E+0	50.000000E+0	99.900000E+0	-4.932982E+0	48.923437E+0
21.600000E+0	0.000000E+0	50.000000E+0	27.896831E+0	-7.452314E+0	39.979688E+0
21.700000E+0	0.000000E+0	50.000000E+0	27.896831E+0	-5.439889E+0	30.951563E+0
21.800000E+0	0.000000E+0	50.000000E+0	99.900000E+0	-2.478282E+0	25.031250E+0
21.900000E+0	0.000000E+0	50.000000E+0	99.900000E+0	710.165992E-3	24.004687E+0
22.000000E+0	0.000000E+0	50.000000E+0	99.900000E+0	3.344816E+0	27.196875E+0
22.100000E+0	0.000000E+0	50.000000E+0	99.900000E+0	4.832588E+0	34.087500E+0
22.200000E+0	0.000000E+0	50.000000E+0	99.900000E+0	6.344438E+0	44.071875E+0
22.300000E+0	0.000000E+0	50.000000E+0	99.900000E+0	3.632486E+0	52.003125E+0
22.400000E+0	0.000000E+0	50.000000E+0	99.900000E+0	85.402743E-3	54.520313E+0
22.500000E+0	0.000000E+0	50.000000E+0	99.900000E+0	-2.575861E+0	52.621875E+0
22.600000E+0	0.000000E+0	50.000000E+0	99.900000E+0	-5.303024E+0	46.926563E+0
22.700000E+0	0.000000E+0	50.000000E+0	32.613503E+0	-6.390342E+0	38.095312E+0
22.800000E+0	0.000000E+0	50.000000E+0	99.900000E+0	-5.188970E+0	28.603125E+0
22.900000E+0	0.000000E+0	50.000000E+0	99.900000E+0	-2.181741E+0	23.062500E+0
23.000000E+0	0.000000E+0	50.000000E+0	99.900000E+0	959.817823E-3	22.415625E+0
23.100000E+0	0.000000E+0	50.000000E+0	99.900000E+0	3.883405E+0	25.931250E+0
23.200000E+0	0.000000E+0	50.000000E+0	99.900000E+0	6.044096E+0	33.060938E+0
23.300000E+0	0.000000E+0	50.000000E+0	32.537521E+0	5.723477E+0	42.215625E+0
23.400000E+0	0.000000E+0	50.000000E+0	99.900000E+0	3.286522E+0	49.106250E+0
23.500000E+0	0.000000E+0	50.000000E+0	99.900000E+0	-61.600382E-3	51.384375E+0
23.600000E+0	0.000000E+0	50.000000E+0	99.900000E+0	-2.916757E+0	49.162500E+0
23.700000E+0	0.000000E+0	50.000000E+0	38.633355E+0	-4.804987E+0	43.129688E+0
23.800000E+0	0.000000E+0	50.000000E+0	38.633355E+0	-6.034239E+0	34.790625E+0
23.900000E+0	0.000000E+0	50.000000E+0	99.900000E+0	-3.436337E+0	27.506250E+0
24.000000E+0	0.000000E+0	50.000000E+0	99.900000E+0	-12.176917E-3	25.242187E+0
24.100000E+0	0.000000E+0	50.000000E+0	99.900000E+0	2.785951E+0	27.351562E+0
24.200000E+0	0.000000E+0	50.000000E+0	99.900000E+0	5.157009E+0	33.271875E+0
24.300000E+0	0.000000E+0	50.000000E+0	99.900000E+0	6.174625E+0	42.426563E+0
24.400000E+0	0.000000E+0	50.000000E+0	99.900000E+0	3.064750E+0	49.640625E+0
24.500000E+0	0.000000E+0	50.000000E+0	99.900000E+0	-311.252249E-3	51.525000E+0
24.600000E+0	0.000000E+0	50.000000E+0	99.900000E+0	-3.063760E+0	48.993750E+0
24.700000E+0	0.000000E+0	50.000000E+0	99.900000E+0	-5.512124E+0	42.609375E+0
24.800000E+0	0.000000E+0	50.000000E+0	99.900000E+0	-4.427341E+0	34.143750E+0
24.900000E+0	0.000000E+0	50.000000E+0	99.900000E+0	-1.351680E+0	29.756250E+0
25.000000E+0	0.000000E+0	50.000000E+0	99.900000E+0	1.753128E+0	30.220313E+0
25.100000E+0	0.000000E+0	50.000000E+0	99.900000E+0	4.224300E+0	34.748438E+0
25.200000E+0	0.000000E+0	50.000000E+0	99.900000E+0	6.518054E+0	42.693750E+0
25.300000E+0	0.000000E+0	50.000000E+0	99.900000E+0	4.629826E+0	51.735937E+0
25.400000E+0	0.000000E+0	50.000000E+0	99.900000E+0	847.030956E-3	55.631250E+0
25.500000E+0	0.000000E+0	50.000000E+0	99.900000E+0	-2.061350E+0	54.829687E+0
25.600000E+0	0.000000E+0	50.000000E+0	99.900000E+0	-4.437479E+0	50.132812E+0
25.700000E+0	0.000000E+0	50.000000E+0	99.900000E+0	-6.965682E+0	41.906250E+0
25.800000E+0	0.000000E+0	50.000000E+0	99.900000E+0	-3.376775E+0	34.101562E+0
25.900000E+0	0.000000E+0	50.000000E+0	99.900000E+0	-289.708686E-3	31.317187E+0
26.000000E+0	0.000000E+0	50.000000E+0	99.900000E+0	2.540101E+0	33.103125E+0
26.100000E+0	0.000000E+0	50.000000E+0	99.900000E+0	4.313009E+0	38.685938E+0
26.200000E+0	0.000000E+0	50.000000E+0	99.900000E+0	4.951712E+0	47.460937E+0
26.300000E+0	0.000000E+0	50.000000E+0	99.900000E+0	2.197939E+0	53.535938E+0
26.400000E+0	0.000000E+0	50.000000E+0	99.900000E+0	-876.453969E-3	54.492187E+0
26.500000E+0	0.000000E+0	50.000000E+0	99.900000E+0	-3.608685E+0	51.285938E+0
26.600000E+0	0.000000E+0	50.000000E+0	99.900000E+0	-6.001290E+0	44.423437E+0
26.700000E+0	0.000000E+0	50.000000E+0	99.900000E+0	-5.201643E+0	35.507812E+0
26.800000E+0	0.000000E+0	50.000000E+0	99.900000E+0	-1.606401E+0	30.754687E+0
26.900000E+0	0.000000E+0	50.000000E+0	99.900000E+0	1.465458E+0	30.768750E+0
27.000000E+0	0.000000E+0	50.000000E+0	99.900000E+0	4.067159E+0	34.889063E+0
27.100000E+0	0.000000E+0	50.000000E+0	99.900000E+0	6.371051E+0	42.454687E+0
27.200000E+0	0.000000E+0	50.000000E+0	99.900000E+0	3.616011E+0	50.540625E+0
27.300000E+0	0.000000E+0	50.000000E+0	99.900000E+0	291.967474E-3	53.409375E+0
27.400000E+0	0.000000E+0	50.000000E+0	99.900000E+0	-2.592336E+0	51.764063E+0
27.500000E+0	0.000000E+0	50.000000E+0	99.900000E+0	-5.057174E+0	46.265625E+0
27.600000E+0	0.000000E+0	50.000000E+0	99.900000E+0	-10.076830E+0	37.462500E+0
27.700000E+0	0.000000E+0	50.000000E+0	99.900000E+0	-3.247514E+0	30.445312E+0
27.800000E+0	0.000000E+0	50.000000E+0	99.900000E+0	174.111524E-3	28.490625E+0
27.900000E+0	0.000000E+0	50.000000E+0	99.900000E+0	3.026732E+0	30.937500E+0
28.000000E+0	0.000000E+0	50.000000E+0	99.900000E+0	5.556198E+0	37.209375E+0
28.100000E+0	0.000000E+0	50.000000E+0	99.900000E+0	4.802174E+0	45.998438E+0
28.200000E+0	0.000000E+0	50.000000E+0	99.900000E+0	1.582046E+0	50.990625E+0
28.300000E+0	0.000000E+0	50.000000E+0	99.900000E+0	-1.422647E+0	50.976562E+0
28.400000E+0	0.000000E+0	50.000000E+0	99.900000E+0	-4.249924E+0	46.856250E+0
28.500000E+0	0.000000E+0	50.000000E+0	99.900000E+0	-6.314305E+0	39.262500E+0
28.600000E+0	0.000000E+0	50.000000E+0	99.900000E+0	-4.594621E+0	30.543750E+0
28.700000E+0	0.000000E+0	50.000000E+0	99.900000E+0	-920.808366E-3	26.704688E+0
28.800000E+0	0.000000E+0	50.000000E+0	99.900000E+0	1.907734E+0	27.478125E+0
28.900000E+0	0.000000E+0	50.000000E+0	99.900000E+0	4.518306E+0	32.203125E+0
29.000000E+0	0.000000E+0	50.000000E+0	25.365100E+0	6.893165E+0	40.331250E+0
29.100000E+0	0.000000E+0	50.000000E+0	25.365100E+0	4.665309E+0	48.726562E+0
29.200000E+0	0.000000E+0	50.000000E+0	99.900000E+0	2.031927E+0	54.042188E+0
29.300000E+0	0.000000E+0	50.000000E+0	99.900000E+0	-1.224953E+0	54.576563E+0
29.400000E+0	0.000000E+0	50.000000E+0	99.900000E+0	-3.743016E+0	50.976562E+0
29.500000E+0	0.000000E+0	50.000000E+0	47.006738E+0	-5.567884E+0	43.762500E+0
29.600000E+0	0.000000E+0	50.000000E+0	99.900000E+0	-6.759117E+0	34.818750E+0
29.700000E+0	0.000000E+0	50.000000E+0	99.900000E+0	-2.432660E+0	28.532813E+0
29.800000E+0	0.000000E+0	50.000000E+0	99.900000E+0	618.922681E-3	27.253125E+0
29.900000E+0	0.000000E+0	50.000000E+0	99.900000E+0	3.413249E+0	30.262500E+0
30.000000E+0	0.000000E+0	50.000000E+0	99.900000E+0	5.732348E+0	36.942188E+0
30.100000E+0	0.000000E+0	50.000000E+0	93.914264E+0	5.201363E+0	46.139063E+0
30.200000E+0	0.000000E+0	50.000000E+0	99.900000E+0	2.067410E+0	51.651563E+0
30.300000E+0	0.000000E+0	50.000000E+0	99.900000E+0	-1.161589E+0	52.200000E+0
30.400000E+0	0.000000E+0	50.000000E+0	99.900000E+0	-3.457880E+0	48.557813E+0
30.500000E+0	0.000000E+0	50.000000E+0	99.900000E+0	-5.847950E+0	41.329687E+0
30.600000E+0	0.000000E+0	50.000000E+0	99.900000E+0	-3.305808E+0	33.651563E+0
30.700000E+0	0.000000E+0	50.000000E+0	99.900000E+0	-296.045028E-3	30.853125E+0
30.800000E+0	0.000000E+0	50.000000E+0	99.900000E+0	2.630077E+0	32.667188E+0
30.900000E+0	0.000000E+0	50.000000E+0	99.900000E+0	4.835123E+0	38.264063E+0
31.000000E+0	0.000000E+0	50.000000E+0	99.900000E+0	6.198703E+0	47.193750E+0
31.100000E+0	0.000000E+0	50.000000E+0	99.900000E+0	2.986179E+0	54.084375E+0
31.200000E+0	0.000000E+0	50.000000E+0	99.900000E+0	-415.168257E-3	55.814062E+0
31.300000E+0	0.000000E+0	50.000000E+0	99.900000E+0	-2.639225E+0	53.198438E+0
31.400000E+0	0.000000E+0	50.000000E+0	99.900000E+0	-5.687007E+0	46.898437E+0
31.500000E+0	0.000000E+0	50.000000E+0	99.900000E+0	-4.958327E+0	38.025000E+0
31.600000E+0	0.000000E+0	50.000000E+0	99.900000E+0	-1.906743E+0	32.920313E+0
31.700000E+0	0.000000E+0	50.000000E+0	99.900000E+0	1.258893E+0	32.625000E+0
31.800000E+0	0.000000E+0	50.000000E+0	99.900000E+0	3.398041E+0	36.506250E+0
31.900000E+0	0.000000E+0	50.000000E+0	99.900000E+0	5.684192E+0	43.818750E+0
32.000000E+0	0.000000E+0	50.000000E+0	99.900000E+0	4.372570E+0	52.889063E+0
32.100000E+0	0.000000E+0	50.000000E+0	99.900000E+0	1.156244E+0	57.121875E+0
32.200000E+0	0.000000E+0	50.000000E+0	99.900000E+0	-1.858587E+0	56.573438E+0
32.300000E+0	0.000000E+0	50.000000E+0	99.900000E+0	-4.443816E+0	52.031250E+0
32.400000E+0	0.000000E+0	50.000000E+0	80.862676E+0	-4.812591E+0	44.015625E+0
32.500000E+0	0.000000E+0	50.000000E+0	80.862676E+0	-3.115718E+0	37.546875E+0
32.600000E+0	0.000000E+0	50.000000E+0	99.900000E+0	162.706109E-3	35.550000E+0
32.700000E+0	0.000000E+0	50.000000E+0	99.900000E+0	2.927885E+0	37.940625E+0
32.800000E+0	0.000000E+0	50.000000E+0	89.025615E+0	5.105051E+0	44.085937E+0
32.900000E+0	0.000000E+0	50.000000E+0	99.900000E+0	5.444679E+0	52.762500E+0
33.000000E+0	0.000000E+0	50.000000E+0	99.900000E+0	1.481932E+0	57.993750E+0
33.100000E+0	0.000000E+0	50.000000E+0	99.900000E+0	-1.256635E+0	58.317188E+0
33.200000E+0	0.000000E+0	50.000000E+0	99.900000E+0	-4.071239E+0	54.492187E+0
33.300000E+0	0.000000E+0	50.000000E+0	99.900000E+0	-6.340918E+0	47.165625E+0
33.400000E+0	0.000000E+0	50.000000E+0	99.900000E+0	-4.535059E+0	38.165625E+0
33.500000E+0	0.000000E+0	50.000000E+0	99.900000E+0	-1.189469E+0	33.778125E+0
33.600000E+0	0.000000E+0	50.000000E+0	99.900000E+0	1.356473E+0	34.129688E+0
33.700000E+0	0.000000E+0	50.000000E+0	99.900000E+0	3.835249E+0	38.489063E+0
33.800000E+0	0.000000E+0	50.000000E+0	99.900000E+0	6.291213E+0	46.307813E+0
33.900000E+0	0.000000E+0	50.000000E+0	99.900000E+0	3.386636E+0	53.859375E+0
34.000000E+0	0.000000E+0	50.000000E+0	99.900000E+0	-29.918674E-3	56.207813E+0
34.100000E+0	0.000000E+0	50.000000E+0	99.900000E+0	-2.934498E+0	54.056250E+0
34.200000E+0	0.000000E+0	50.000000E+0	99.900000E+0	-4.559137E+0	48.164062E+0
34.300000E+0	0.000000E+0	50.000000E+0	99.900000E+0	-5.707283E+0	39.346875E+0
34.400000E+0	0.000000E+0	50.000000E+0	99.900000E+0	-1.861122E+0	33.778125E+0
34.500000E+0	0.000000E+0	50.000000E+0	99.900000E+0	939.541532E-3	33.046875E+0
34.600000E+0	0.000000E+0	50.000000E+0	99.900000E+0	3.163597E+0	36.492187E+0
34.700000E+0	0.000000E+0	50.000000E+0	99.900000E+0	5.068300E+0	43.439062E+0
34.800000E+0	0.000000E+0	50.000000E+0	99.900000E+0	4.686853E+0	52.200000E+0
34.900000E+0	0.000000E+0	50.000000E+0	99.900000E+0	1.047259E+0	56.151563E+0
35.000000E+0	0.000000E+0	50.000000E+0	99.900000E+0	-1.861122E+0	55.378125E+0
35.100000E+0	0.000000E+0	50.000000E+0	99.900000E+0	-4.057299E+0	50.639063E+0
35.200000E+0	0.000000E+0	50.000000E+0	99.900000E+0	-6.613381E+0	42.440625E+0
35.300000E+0	0.000000E+0	50.000000E+0	99.900000E+0	-3.421130E+0	33.918750E+0
35.400000E+0	0.000000E+0	50.000000E+0	99.900000E+0	-818.159619E-3	30.346875E+0
35.500000E+0	0.000000E+0	50.000000E+0	99.900000E+0	1.930545E+0	31.401563E+0
35.600000E+0	0.000000E+0	50.000000E+0	99.900000E+0	4.152066E+0	36.393750E+0
35.700000E+0	0.000000E+0	50.000000E+0	76.349686E+0	6.757568E+0	44.690625E+0
35.800000E+0	0.000000E+0	50.000000E+0	99.900000E+0	7.078186E+0	55.181250E+0
35.900000E+0	0.000000E+0	50.000000E+0	99.900000E+0	2.922816E+0	62.592188E+0
36.000000E+0	0.000000E+0	50.000000E+0	99.900000E+0	-142.705556E-3	64.743750E+0
36.100000E+0	0.000000E+0	50.000000E+0	99.900000E+0	-2.787495E+0	62.339063E+0
36.200000E+0	0.000000E+0	50.000000E+0	99.900000E+0	-5.443691E+0	56.193750E+0
36.300000E+0	0.000000E+0	50.000000E+0	99.900000E+0	-7.876849E+0	46.870313E+0
36.400000E+0	0.000000E+0	50.000000E+0	99.900000E+0	-7.503005E+0	35.029688E+0
36.500000E+0	0.000000E+0	50.000000E+0	99.900000E+0	-3.590944E+0	26.606250E+0
36.600000E+0	0.000000E+0	50.000000E+0	99.900000E+0	-524.153340E-3	23.498438E+0
36.700000E+0	0.000000E+0	50.000000E+0	99.900000E+0	2.362684E+0	24.975000E+0
36.800000E+0	0.000000E+0	50.000000E+0	99.900000E+0	5.022679E+0	30.290625E+0
36.900000E+0	0.000000E+0	50.000000E+0	99.900000E+0	6.533261E+0	39.009375E+0
37.000000E+0	0.000000E+0	50.000000E+0	99.900000E+0	6.831069E+0	50.048437E+0
37.100000E+0	0.000000E+0	50.000000E+0	99.900000E+0	2.931687E+0	56.882812E+0
37.200000E+0	0.000000E+0	50.000000E+0	99.900000E+0	-416.435525E-3	58.626562E+0
37.300000E+0	0.000000E+0	50.000000E+0	99.900000E+0	-3.201892E+0	55.982813E+0
37.400000E+0	0.000000E+0	50.000000E+0	99.900000E+0	-5.599565E+0	49.696875E+0
37.500000E+0	0.000000E+0	50.000000E+0	51.872221E+0	-4.617432E+0	41.723438E+0
37.600000E+0	0.000000E+0	50.000000E+0	99.900000E+0	-1.902942E+0	37.012500E+0
37.700000E+0	0.000000E+0	50.000000E+0	99.900000E+0	1.170184E+0	36.703125E+0
37.800000E+0	0.000000E+0	50.000000E+0	99.900000E+0	3.883405E+0	40.429687E+0
37.900000E+0	0.000000E+0	50.000000E+0	99.900000E+0	6.018751E+0	47.756250E+0
38.000000E+0	0.000000E+0	50.000000E+0	99.900000E+0	3.163597E+0	54.815625E+0
38.100000E+0	0.000000E+0	50.000000E+0	99.900000E+0	-322.657664E-3	56.742187E+0
38.200000E+0	0.000000E+0	50.000000E+0	99.900000E+0	-3.241177E+0	54.239063E+0
38.300000E+0	0.000000E+0	50.000000E+0	99.900000E+0	-4.836669E+0	48.065625E+0
38.400000E+0	0.000000E+0	50.000000E+0	99.900000E+0	-4.312020E+0	38.798437E+0
38.500000E+0	0.000000E+0	50.000000E+0	99.900000E+0	-2.907886E+0	32.132812E+0
38.600000E+0	0.000000E+0	50.000000E+0	99.900000E+0	364.201765E-3	30.473437E+0
38.700000E+0	0.000000E+0	50.000000E+0	99.900000E+0	3.053345E+0	33.117187E+0
38.800000E+0	0.000000E+0	50.000000E+0	99.900000E+0	5.458619E+0	39.431250E+0
38.900000E+0	0.000000E+0	50.000000E+0	44.900094E+0	4.809778E+0	48.473438E+0
39.000000E+0	0.000000E+0	50.000000E+0	99.900000E+0	3.439861E+0	55.335937E+0
39.100000E+0	0.000000E+0	50.000000E+0	99.900000E+0	82.868206E-3	57.965625E+0
39.200000E+0	0.000000E+0	50.000000E+0	99.900000E+0	-2.691183E+0	56.053125E+0
39.300000E+0	0.000000E+0	50.000000E+0	99.900000E+0	-4.979871E+0	50.315625E+0
39.400000E+0	0.000000E+0	50.000000E+0	12.912706E+0	-4.312020E+0	42.904688E+0
39.500000E+0	0.000000E+0	50.000000E+0	99.900000E+0	-2.389573E+0	37.560938E+0
39.600000E+0	0.000000E+0	50.000000E+0	99.900000E+0	757.054915E-3	36.618750E+0
39.700000E+0	0.000000E+0	50.000000E+0	99.900000E+0	3.562786E+0	39.768750E+0
39.800000E+0	0.000000E+0	50.000000E+0	23.355305E+0	5.504240E+0	46.420313E+0
39.900000E+0	0.000000E+0	50.000000E+0	99.900000E+0	3.460137E+0	52.621875E+0
40.000000E+0	0.000000E+0	50.000000E+0	99.900000E+0	323.649181E-3	55.575000E+0
40.100000E+0	0.000000E+0	50.000000E+0	99.900000E+0	-2.536576E+0	53.971875E+0
40.200000E+0	0.000000E+0	50.000000E+0	99.900000E+0	-4.538861E+0	48.628125E+0
40.300000E+0	0.000000E+0	50.000000E+0	99.900000E+0	-4.825264E+0	40.514063E+0
40.400000E+0	0.000000E+0	50.000000E+0	99.900000E+0	-1.245229E+0	36.182813E+0
40.500000E+0	0.000000E+0	50.000000E+0	99.900000E+0	1.451518E+0	36.534375E+0
40.600000E+0	0.000000E+0	50.000000E+0	99.900000E+0	4.084900E+0	40.823438E+0
40.700000E+0	0.000000E+0	50.000000E+0	99.900000E+0	5.841333E+0	48.642187E+0
40.800000E+0	0.000000E+0	50.000000E+0	99.900000E+0	3.311867E+0	56.109375E+0
40.900000E+0	0.000000E+0	50.000000E+0	99.900000E+0	-23.582332E-3	58.457813E+0
41.000000E+0	0.000000E+0	50.000000E+0	99.900000E+0	-2.910420E+0	56.264063E+0
41.100000E+0	0.000000E+0	50.000000E+0	99.900000E+0	-5.057174E+0	50.400000E+0
41.200000E+0	0.000000E+0	50.000000E+0	99.900000E+0	-5.827674E+0	41.189062E+0
41.300000E+0	0.000000E+0	50.000000E+0	99.900000E+0	-2.597405E+0	34.003125E+0
41.400000E+0	0.000000E+0	50.000000E+0	99.900000E+0	75.264597E-3	31.809375E+0
41.500000E+0	0.000000E+0	50.000000E+0	99.900000E+0	2.556576E+0	34.129688E+0
41.600000E+0	0.000000E+0	50.000000E+0	99.900000E+0	5.518180E+0	40.120313E+0
41.700000E+0	0.000000E+0	50.000000E+0	47.628168E+0	5.306546E+0	48.909375E+0
41.800000E+0	0.000000E+0	50.000000E+0	99.900000E+0	3.176270E+0	55.406250E+0
41.900000E+0	0.000000E+0	50.000000E+0	99.900000E+0	-84.411212E-3	57.698438E+0
42.000000E+0	0.000000E+0	50.000000E+0	99.900000E+0	-2.640492E+0	55.476562E+0
42.100000E+0	0.000000E+0	50.000000E+0	99.900000E+0	-5.455097E+0	49.542188E+0
42.200000E+0	0.000000E+0	50.000000E+0	99.900000E+0	-4.040824E+0	41.695312E+0
42.300000E+0	0.000000E+0	50.000000E+0	99.900000E+0	-617.931203E-3	38.418750E+0
42.400000E+0	0.000000E+0	50.000000E+0	99.900000E+0	2.294251E+0	39.670313E+0
42.500000E+0	0.000000E+0	50.000000E+0	28.142424E+0	4.847796E+0	44.789062E+0
42.600000E+0	0.000000E+0	50.000000E+0	28.142424E+0	5.120258E+0	52.115625E+0
42.700000E+0	0.000000E+0	50.000000E+0	99.900000E+0	1.982503E+0	57.923437E+0
42.800000E+0	0.000000E+0	50.000000E+0	99.900000E+0	-899.264802E-3	58.921875E+0
42.900000E+0	0.000000E+0	50.000000E+0	99.900000E+0	-3.305808E+0	55.659375E+0
43.000000E+0	0.000000E+0	50.000000E+0	72.783163E+0	-5.579289E+0	48.881250E+0
43.100000E+0	0.000000E+0	50.000000E+0	99.900000E+0	-7.328121E+0	39.670313E+0
43.200000E+0	0.000000E+0	50.000000E+0	99.900000E+0	-3.030811E+0	32.821875E+0
43.300000E+0	0.000000E+0	50.000000E+0	99.900000E+0	279.294792E-3	30.951563E+0
43.400000E+0	0.000000E+0	50.000000E+0	99.900000E+0	2.925350E+0	33.525000E+0
43.500000E+0	0.000000E+0	50.000000E+0	99.900000E+0	5.582811E+0	39.726562E+0
43.600000E+0	0.000000E+0	50.000000E+0	74.094436E+0	5.928775E+0	48.923437E+0
43.700000E+0	0.000000E+0	50.000000E+0	99.900000E+0	2.676966E+0	55.420313E+0
43.800000E+0	0.000000E+0	50.000000E+0	99.900000E+0	-249.156098E-3	57.375000E+0
43.900000E+0	0.000000E+0	50.000000E+0	99.900000E+0	-3.100511E+0	54.900000E+0
44.000000E+0	0.000000E+0	50.000000E+0	97.869334E+0	-5.219385E+0	48.740625E+0
44.100000E+0	0.000000E+0	50.000000E+0	97.869334E+0	-2.649363E+0	42.510938E+0
44.200000E+0	0.000000E+0	50.000000E+0	99.900000E+0	454.177811E-3	41.160938E+0
44.300000E+0	0.000000E+0	50.000000E+0	99.900000E+0	3.138251E+0	44.001562E+0
44.400000E+0	0.000000E+0	50.000000E+0	99.900000E+0	3.878336E+0	50.160938E+0
44.500000E+0	0.000000E+0	50.000000E+0	99.900000E+0	365.469034E-3	53.226562E+0
44.600000E+0	0.000000E+0	50.000000E+0	99.900000E+0	-2.511231E+0	51.735937E+0
44.700000E+0	0.000000E+0	50.000000E+0	99.900000E+0	-4.951991E+0	46.420313E+0
44.800000E+0	0.000000E+0	50.000000E+0	99.900000E+0	-2.641759E+0	40.359375E+0
44.900000E+0	0.000000E+0	50.000000E+0	99.900000E+0	620.189949E-3	39.121875E+0
45.000000E+0	0.000000E+0	50.000000E+0	99.900000E+0	3.352420E+0	42.131250E+0
45.100000E+0	0.000000E+0	50.000000E+0	72.173613E+0	3.698384E+0	48.670313E+0
